1716650033102 0.9336283185840708 1
1716650033153 0.96 2
1716650033205 0.9642857142857143 3
1716650033257 0.9637096774193549 4
1716650033309 0.9686274509803922 5
1716650033360 0.9721115537848606 6
1716650033411 0.9644268774703557 7
1716650033477 0.9839357429718876 8
1716650033527 0.9760956175298805 9
1716650033579 0.9644268774703557 10
1716650033630 0.9759036144578314 11
1716650033682 0.9763779527559056 12
1716650033731 0.952 13
1716650033780 0.9759036144578314 14
1716650033831 0.9723320158102767 15
1716650033883 0.9798387096774194 16
1716650033933 0.9761904761904762 17
1716650033985 0.9920318725099602 18
1716650034035 0.979757085020243 19
1716650034086 0.9880478087649402 20
1716650034135 0.9839357429718876 21
1716650034185 0.9681274900398407 22
1716650034237 0.9763779527559056 23
1716650034286 0.9799196787148594 24
1716650034337 0.984 25
1716650034387 0.9762845849802372 26
1716650034437 0.984 27
1716650034486 0.9919354838709677 28
1716650034536 0.9959677419354839 29
1716650034589 0.988 30
1716650034639 0.9880952380952381 31
1716650034691 0.9919028340080972 32
1716650034741 0.9838056680161943 33
1716650034791 0.9425287356321839 34
1716650034842 0.9880952380952381 35
1716650034894 0.9920318725099602 36
1716650034943 0.996 37
1716650034994 0.9959677419354839 38
1716650035044 0.991869918699187 39
1716650035095 0.9686274509803922 40
1716650035146 0.984 41
1716650035196 1.0 42
1716650035247 0.9880478087649402 43
1716650035298 0.9840637450199203 44
1716650035348 0.984 45
1716650035400 0.9919354838709677 46
1716650035451 0.9803149606299213 47
1716650035502 1.0 48
1716650035553 0.988 49
1716650035604 0.996 50
1716650035654 0.9841269841269841 51
1716650035704 0.9839357429718876 52
1716650035750 0.992 53
1716650035800 0.9919678714859438 54
1716650035851 0.9840637450199203 55
1716650035900 0.9959839357429718 56
1716650035951 0.9959839357429718 57
1716650036001 0.992 58
1716650036051 0.9919678714859438 59
1716650036102 0.9959839357429718 60
1716650036153 0.996 61
1716650036204 0.9920318725099602 62
1716650036254 0.9798387096774194 63
1716650036303 0.9683794466403162 64
1716650036354 0.992 65
1716650036403 0.9959677419354839 66
1716650036453 0.9841897233201581 67
1716650036502 0.9959839357429718 68
1716650036553 1.0 69
1716650036604 0.9959839357429718 70
1716650036654 0.992 71
1716650036704 1.0 72
1716650036754 0.992 73
1716650036805 1.0 74
1716650036855 0.9959677419354839 75
1716650036906 0.9801587301587301 76
1716650036956 0.9919354838709677 77
1716650037007 1.0 78
1716650037058 0.996 79
1716650037108 0.996 80
1716650037159 0.9959839357429718 81
1716650037210 1.0 82
1716650037260 0.9959677419354839 83
1716650037311 0.9841269841269841 84
1716650037362 0.992 85
1716650037413 0.9959839357429718 86
1716650037464 1.0 87
1716650037515 1.0 88
1716650037565 0.9880952380952381 89
1716650037617 1.0 90
1716650037667 1.0 91
1716650037718 0.996 92
1716650037769 0.9959349593495935 93
1716650037819 0.9919354838709677 94
1716650037869 0.996 95
1716650037920 1.0 96
1716650037970 1.0 97
1716650038021 0.9959839357429718 98
1716650038070 0.983739837398374 99
1716650038122 0.9802371541501976 100
