1716650033100 0.3419107496738434 1
1716650033151 0.13236548035190657 2
1716650033204 0.11497250385582447 3
1716650033255 0.13332204406078046 4
1716650033308 0.07275340455369307 5
1716650033358 0.10350438343504301 6
1716650033409 0.1143544610016621 7
1716650033475 0.07434818535470046 8
1716650033525 0.06608133236519419 9
1716650033577 0.10279612615704536 10
1716650033628 0.08532081315150628 11
1716650033680 0.05277049899674379 12
1716650033730 0.1371161425486207 13
1716650033778 0.05814389304186289 14
1716650033830 0.059095036811553515 15
1716650033881 0.08023794074184619 16
1716650033932 0.06946509263406579 17
1716650033983 0.023685282454467736 18
1716650034034 0.06865558547612566 19
1716650034084 0.024130158771116 20
1716650034134 0.04721434109915908 21
1716650034184 0.08862951618189421 22
1716650034235 0.05375408130482985 23
1716650034285 0.07484349178580138 24
1716650034335 0.04539401728946429 25
1716650034385 0.05263859320145387 26
1716650034435 0.03889652090863539 27
1716650034485 0.024306626381495826 28
1716650034534 0.02503772799928601 29
1716650034587 0.045729341791369595 30
1716650034638 0.023369240117832445 31
1716650034689 0.06286634674940544 32
1716650034739 0.07576752142407574 33
1716650034789 0.11669254166862139 34
1716650034841 0.04139713620623717 35
1716650034892 0.01531204840956399 36
1716650034942 0.021650260591951128 37
1716650034993 0.03678070741275755 38
1716650035042 0.037537724612495646 39
1716650035094 0.07059040844727021 40
1716650035144 0.04780089471919032 41
1716650035195 0.026934405126107428 42
1716650035245 0.032980628580284804 43
1716650035296 0.03301876215622402 44
1716650035347 0.08101255852335061 45
1716650035398 0.042595127454170816 46
1716650035449 0.03742853885229964 47
1716650035500 0.010309827245342044 48
1716650035551 0.048239463358186185 49
1716650035602 0.01660479332965154 50
1716650035652 0.03515721960530545 51
1716650035702 0.05329224517425665 52
1716650035749 0.025447095018954806 53
1716650035799 0.046781033814813085 54
1716650035849 0.06033754957696566 55
1716650035898 0.016843762374124847 56
1716650035949 0.016385382211480577 57
1716650035999 0.030144922238273118 58
1716650036049 0.02530531130749016 59
1716650036100 0.018251947100417547 60
1716650036152 0.00502954305221255 61
1716650036202 0.03265167836798355 62
1716650036252 0.09179193807694201 63
1716650036301 0.07005947788890737 64
1716650036352 0.03250855146549069 65
1716650036401 0.030782754335982297 66
1716650036451 0.024972900193041332 67
1716650036501 0.019349964595256515 68
1716650036551 0.0059992844158282075 69
1716650036602 0.014506450755736576 70
1716650036653 0.020820112607907504 71
1716650036702 0.015894149170400433 72
1716650036753 0.01856217914386294 73
1716650036803 0.00597435019713325 74
1716650036854 0.02780297420730886 75
1716650036905 0.07978484430798115 76
1716650036955 0.05812019668519497 77
1716650037005 0.020195833241674475 78
1716650037056 0.012692782611478694 79
1716650037107 0.009489777860625718 80
1716650037157 0.009027039262806423 81
1716650037208 0.015203413625176136 82
1716650037258 0.018321237101470336 83
1716650037310 0.03896384739961762 84
1716650037361 0.03921496251580091 85
1716650037411 0.014801723846735863 86
1716650037462 0.0073854727581000095 87
1716650037513 0.01687960864868588 88
1716650037564 0.028594889749701206 89
1716650037615 0.012527308986486437 90
1716650037666 0.0035735891299107326 91
1716650037717 0.026138288642799195 92
1716650037767 0.0284034305681976 93
1716650037818 0.024171762150497392 94
1716650037868 0.004824379947072325 95
1716650037918 0.006384839482892018 96
1716650037969 0.0026321689835570464 97
1716650038019 0.008345445933698032 98
1716650038069 0.11589228476469333 99
1716650038120 0.06367042995631121 100
