1716650033103 0.8473895582329317 1
1716650033153 0.963855421686747 2
1716650033206 0.9759036144578314 3
1716650033257 0.9598393574297188 4
1716650033310 0.9919678714859438 5
1716650033360 0.9799196787148594 6
1716650033411 0.9799196787148594 7
1716650033477 0.9839357429718876 8
1716650033527 0.9839357429718876 9
1716650033579 0.9799196787148594 10
1716650033630 0.9759036144578314 11
1716650033682 0.9959839357429718 12
1716650033732 0.9558232931726908 13
1716650033780 0.9759036144578314 14
1716650033832 0.9879518072289156 15
1716650033883 0.9759036144578314 16
1716650033934 0.9879518072289156 17
1716650033985 1.0 18
1716650034036 0.9718875502008032 19
1716650034086 0.9959839357429718 20
1716650034136 0.9839357429718876 21
1716650034186 0.9759036144578314 22
1716650034237 0.9959839357429718 23
1716650034287 0.9799196787148594 24
1716650034338 0.9879518072289156 25
1716650034387 0.9919678714859438 26
1716650034437 0.9879518072289156 27
1716650034487 0.9879518072289156 28
1716650034536 0.9919678714859438 29
1716650034590 0.9919678714859438 30
1716650034640 1.0 31
1716650034691 0.9839357429718876 32
1716650034741 0.9759036144578314 33
1716650034792 0.9879518072289156 34
1716650034843 1.0 35
1716650034894 1.0 36
1716650034944 1.0 37
1716650034995 0.9919678714859438 38
1716650035045 0.9799196787148594 39
1716650035096 0.9919678714859438 40
1716650035146 0.9879518072289156 41
1716650035197 0.9879518072289156 42
1716650035247 0.9959839357429718 43
1716650035298 0.9919678714859438 44
1716650035349 0.9879518072289156 45
1716650035401 0.9879518072289156 46
1716650035451 1.0 47
1716650035503 0.9959839357429718 48
1716650035553 0.9919678714859438 49
1716650035605 1.0 50
1716650035655 0.9959839357429718 51
1716650035705 0.9839357429718876 52
1716650035751 0.9959839357429718 53
1716650035801 0.9919678714859438 54
1716650035851 0.9919678714859438 55
1716650035901 0.9959839357429718 56
1716650035952 0.9959839357429718 57
1716650036002 0.9959839357429718 58
1716650036052 0.9919678714859438 59
1716650036102 0.9959839357429718 60
1716650036154 1.0 61
1716650036204 1.0 62
1716650036254 0.9759036144578314 63
1716650036304 0.9839357429718876 64
1716650036354 0.9959839357429718 65
1716650036403 0.9919678714859438 66
1716650036453 1.0 67
1716650036503 0.9959839357429718 68
1716650036554 1.0 69
1716650036605 0.9959839357429718 70
1716650036655 0.9959839357429718 71
1716650036705 0.9879518072289156 72
1716650036755 0.9959839357429718 73
1716650036806 1.0 74
1716650036856 0.9919678714859438 75
1716650036907 0.9919678714859438 76
1716650036957 0.9879518072289156 77
1716650037007 0.9919678714859438 78
1716650037058 1.0 79
1716650037109 1.0 80
1716650037159 0.9959839357429718 81
1716650037210 0.9959839357429718 82
1716650037261 0.9919678714859438 83
1716650037312 0.9959839357429718 84
1716650037363 0.9959839357429718 85
1716650037413 0.9959839357429718 86
1716650037465 0.9959839357429718 87
1716650037516 0.9959839357429718 88
1716650037566 1.0 89
1716650037618 0.9919678714859438 90
1716650037668 1.0 91
1716650037719 1.0 92
1716650037769 0.9839357429718876 93
1716650037820 0.9879518072289156 94
1716650037870 1.0 95
1716650037920 1.0 96
1716650037971 1.0 97
1716650038021 0.9959839357429718 98
1716650038071 0.9718875502008032 99
1716650038122 0.9959839357429718 100
