1716650033101 0.8668341708542714 1
1716650033152 0.9522613065326633 2
1716650033205 0.9623115577889447 3
1716650033256 0.9522613065326633 4
1716650033309 0.9748743718592965 5
1716650033359 0.9698492462311558 6
1716650033410 0.964824120603015 7
1716650033476 0.9798994974874372 8
1716650033526 0.9748743718592965 9
1716650033578 0.964824120603015 10
1716650033629 0.9698492462311558 11
1716650033681 0.9824120603015075 12
1716650033731 0.9422110552763819 13
1716650033779 0.9698492462311558 14
1716650033830 0.9748743718592965 15
1716650033882 0.9723618090452262 16
1716650033933 0.9773869346733668 17
1716650033984 0.9949748743718593 18
1716650034035 0.9698492462311558 19
1716650034085 0.9899497487437185 20
1716650034135 0.9798994974874372 21
1716650034185 0.964824120603015 22
1716650034236 0.9824120603015075 23
1716650034286 0.9748743718592965 24
1716650034336 0.9824120603015075 25
1716650034386 0.9798994974874372 26
1716650034436 0.9824120603015075 27
1716650034485 0.9874371859296482 28
1716650034535 0.992462311557789 29
1716650034588 0.9874371859296482 30
1716650034639 0.992462311557789 31
1716650034690 0.9849246231155779 32
1716650034740 0.9748743718592965 33
1716650034790 0.9547738693467337 34
1716650034841 0.992462311557789 35
1716650034893 0.9949748743718593 36
1716650034943 0.9974874371859297 37
1716650034993 0.992462311557789 38
1716650035043 0.9824120603015075 39
1716650035095 0.9748743718592965 40
1716650035145 0.9824120603015075 41
1716650035196 0.992462311557789 42
1716650035246 0.9899497487437185 43
1716650035297 0.9849246231155779 44
1716650035348 0.9824120603015075 45
1716650035399 0.9874371859296482 46
1716650035450 0.9874371859296482 47
1716650035501 0.9974874371859297 48
1716650035552 0.9874371859296482 49
1716650035603 0.9974874371859297 50
1716650035653 0.9874371859296482 51
1716650035703 0.9798994974874372 52
1716650035750 0.992462311557789 53
1716650035800 0.9899497487437185 54
1716650035850 0.9849246231155779 55
1716650035899 0.9949748743718593 56
1716650035950 0.9949748743718593 57
1716650036000 0.992462311557789 58
1716650036050 0.9899497487437185 59
1716650036101 0.9949748743718593 60
1716650036152 0.9974874371859297 61
1716650036203 0.9949748743718593 62
1716650036253 0.9723618090452262 63
1716650036302 0.9698492462311558 64
1716650036353 0.992462311557789 65
1716650036402 0.992462311557789 66
1716650036452 0.9899497487437185 67
1716650036502 0.9949748743718593 68
1716650036552 1.0 69
1716650036603 0.9949748743718593 70
1716650036653 0.992462311557789 71
1716650036703 0.992462311557789 72
1716650036754 0.992462311557789 73
1716650036804 1.0 74
1716650036855 0.992462311557789 75
1716650036905 0.9824120603015075 76
1716650036956 0.9874371859296482 77
1716650037006 0.9949748743718593 78
1716650037057 0.9974874371859297 79
1716650037108 0.9974874371859297 80
1716650037158 0.9949748743718593 81
1716650037209 0.9974874371859297 82
1716650037259 0.992462311557789 83
1716650037311 0.9874371859296482 84
1716650037361 0.992462311557789 85
1716650037412 0.9949748743718593 86
1716650037463 0.9974874371859297 87
1716650037514 0.9974874371859297 88
1716650037565 0.992462311557789 89
1716650037616 0.9949748743718593 90
1716650037667 1.0 91
1716650037718 0.9974874371859297 92
1716650037768 0.9874371859296482 93
1716650037819 0.9874371859296482 94
1716650037869 0.9974874371859297 95
1716650037919 1.0 96
1716650037969 1.0 97
1716650038020 0.9949748743718593 98
1716650038070 0.9723618090452262 99
1716650038121 0.9849246231155779 100
