1716650371174 0.8393574297188755 1
1716650371225 0.927710843373494 2
1716650371276 0.9759036144578314 3
1716650371328 0.9799196787148594 4
1716650371379 0.9799196787148594 5
1716650371430 0.9759036144578314 6
1716650371481 0.9558232931726908 7
1716650371532 0.9879518072289156 8
1716650371583 0.9718875502008032 9
1716650371634 0.9799196787148594 10
1716650371686 0.9879518072289156 11
1716650371738 1.0 12
1716650371801 0.9879518072289156 13
1716650371851 0.9879518072289156 14
1716650371902 0.9839357429718876 15
1716650371952 0.9718875502008032 16
1716650372004 1.0 17
1716650372054 0.9919678714859438 18
1716650372104 0.9919678714859438 19
1716650372155 0.9959839357429718 20
1716650372207 1.0 21
1716650372258 1.0 22
1716650372312 0.9759036144578314 23
1716650372363 0.9959839357429718 24
1716650372414 0.9879518072289156 25
1716650372465 1.0 26
1716650372515 1.0 27
1716650372565 0.9959839357429718 28
1716650372616 1.0 29
1716650372666 0.9959839357429718 30
1716650372717 0.9759036144578314 31
1716650372765 0.9839357429718876 32
1716650372816 0.9839357429718876 33
1716650372866 0.9959839357429718 34
1716650372915 1.0 35
1716650372965 1.0 36
1716650373016 0.9959839357429718 37
1716650373066 0.9919678714859438 38
1716650373116 0.9919678714859438 39
1716650373167 0.9959839357429718 40
1716650373217 1.0 41
1716650373266 1.0 42
1716650373315 0.9959839357429718 43
1716650373365 0.9959839357429718 44
1716650373415 0.9919678714859438 45
1716650373466 1.0 46
1716650373516 1.0 47
1716650373566 0.9959839357429718 48
1716650373617 0.9959839357429718 49
1716650373669 0.9839357429718876 50
1716650373719 1.0 51
1716650373771 1.0 52
1716650373822 0.9959839357429718 53
1716650373872 0.9879518072289156 54
1716650373922 0.9919678714859438 55
1716650373973 0.9959839357429718 56
1716650374022 1.0 57
1716650374073 1.0 58
1716650374123 0.9919678714859438 59
1716650374173 0.9919678714859438 60
1716650374225 1.0 61
1716650374274 1.0 62
1716650374325 0.9959839357429718 63
1716650374376 0.9959839357429718 64
1716650374426 1.0 65
1716650374477 1.0 66
1716650374528 1.0 67
1716650374579 1.0 68
1716650374630 0.9959839357429718 69
1716650374681 0.9959839357429718 70
1716650374731 1.0 71
1716650374782 1.0 72
1716650374832 1.0 73
1716650374881 0.9959839357429718 74
1716650374932 1.0 75
1716650374983 0.9919678714859438 76
1716650375033 1.0 77
1716650375083 0.9879518072289156 78
1716650375134 1.0 79
1716650375185 1.0 80
1716650375235 1.0 81
1716650375286 1.0 82
1716650375337 1.0 83
1716650375387 1.0 84
1716650375437 0.9959839357429718 85
1716650375487 1.0 86
1716650375538 1.0 87
1716650375587 1.0 88
1716650375638 1.0 89
1716650375688 0.9959839357429718 90
1716650375738 0.9919678714859438 91
1716650375789 1.0 92
1716650375839 1.0 93
1716650375889 0.9919678714859438 94
1716650375940 1.0 95
1716650375990 1.0 96
1716650376040 0.9959839357429718 97
1716650376091 1.0 98
1716650376141 1.0 99
1716650376191 1.0 100
1716650376242 1.0 101
1716650376293 1.0 102
1716650376343 1.0 103
1716650376395 0.9959839357429718 104
1716650376445 1.0 105
1716650376496 1.0 106
1716650376546 1.0 107
1716650376597 1.0 108
1716650376648 1.0 109
1716650376700 1.0 110
1716650376751 1.0 111
1716650376801 1.0 112
1716650376852 0.9959839357429718 113
1716650376903 0.9839357429718876 114
1716650376955 1.0 115
1716650377004 1.0 116
1716650377056 1.0 117
1716650377106 1.0 118
1716650377156 1.0 119
1716650377206 1.0 120
1716650377258 0.9919678714859438 121
1716650377311 1.0 122
1716650377363 1.0 123
1716650377414 1.0 124
1716650377464 1.0 125
1716650377514 0.9839357429718876 126
1716650377564 1.0 127
1716650377614 1.0 128
1716650377665 1.0 129
1716650377714 0.9959839357429718 130
1716650377766 0.9959839357429718 131
1716650377817 1.0 132
1716650377868 1.0 133
1716650377919 1.0 134
1716650377968 1.0 135
1716650378019 1.0 136
1716650378069 1.0 137
1716650378120 1.0 138
1716650378169 0.9879518072289156 139
1716650378236 1.0 140
1716650378289 0.9959839357429718 141
1716650378341 1.0 142
1716650378390 1.0 143
1716650378441 1.0 144
1716650378491 1.0 145
1716650378542 0.9959839357429718 146
1716650378593 0.9959839357429718 147
1716650378644 1.0 148
1716650378694 0.9959839357429718 149
1716650378745 1.0 150
1716650378795 1.0 151
1716650378846 1.0 152
1716650378896 1.0 153
1716650378947 1.0 154
1716650378997 1.0 155
1716650379047 1.0 156
1716650379099 1.0 157
1716650379150 1.0 158
1716650379201 1.0 159
1716650379253 1.0 160
1716650379303 1.0 161
1716650379354 1.0 162
1716650379404 0.9959839357429718 163
1716650379455 0.9959839357429718 164
1716650379505 0.9879518072289156 165
1716650379556 1.0 166
1716650379607 0.9879518072289156 167
1716650379658 1.0 168
1716650379710 0.9959839357429718 169
1716650379761 1.0 170
1716650379811 1.0 171
1716650379862 1.0 172
1716650379913 1.0 173
1716650379965 1.0 174
1716650380015 1.0 175
1716650380065 1.0 176
1716650380115 1.0 177
1716650380166 1.0 178
1716650380216 1.0 179
1716650380267 0.9959839357429718 180
1716650380318 1.0 181
1716650380369 0.9919678714859438 182
1716650380419 1.0 183
1716650380470 1.0 184
1716650380522 1.0 185
1716650380574 1.0 186
1716650380624 1.0 187
1716650380675 1.0 188
1716650380724 1.0 189
1716650380775 1.0 190
1716650380826 1.0 191
1716650380877 1.0 192
1716650380923 0.9959839357429718 193
1716650380973 1.0 194
1716650381018 1.0 195
1716650381070 1.0 196
1716650381121 1.0 197
1716650381172 1.0 198
1716650381223 1.0 199
1716650381273 1.0 200
1716650381323 1.0 201
1716650381374 1.0 202
1716650381424 1.0 203
1716650381475 1.0 204
1716650381526 1.0 205
1716650381578 1.0 206
1716650381628 1.0 207
1716650381679 1.0 208
1716650381731 1.0 209
1716650381781 1.0 210
1716650381831 1.0 211
1716650381881 1.0 212
1716650381932 1.0 213
1716650381982 1.0 214
1716650382033 0.9959839357429718 215
1716650382083 1.0 216
1716650382134 0.9959839357429718 217
1716650382185 0.9959839357429718 218
1716650382235 1.0 219
1716650382287 0.9839357429718876 220
1716650382338 1.0 221
1716650382388 0.9959839357429718 222
1716650382438 0.9919678714859438 223
1716650382489 0.9919678714859438 224
1716650382539 0.9959839357429718 225
1716650382589 1.0 226
1716650382640 1.0 227
1716650382702 1.0 228
1716650382755 1.0 229
1716650382805 1.0 230
1716650382856 1.0 231
1716650382905 0.9959839357429718 232
1716650382955 1.0 233
1716650383006 1.0 234
1716650383056 1.0 235
1716650383106 1.0 236
1716650383157 1.0 237
1716650383208 1.0 238
1716650383259 1.0 239
1716650383309 1.0 240
1716650383360 1.0 241
1716650383412 1.0 242
1716650383462 1.0 243
1716650383512 1.0 244
1716650383562 1.0 245
1716650383613 1.0 246
1716650383663 0.9879518072289156 247
1716650383713 0.9879518072289156 248
1716650383765 0.9959839357429718 249
1716650383816 1.0 250
1716650383866 1.0 251
1716650383916 1.0 252
1716650383967 1.0 253
1716650384019 0.9959839357429718 254
1716650384069 1.0 255
1716650384120 1.0 256
1716650384170 1.0 257
1716650384221 1.0 258
1716650384272 1.0 259
1716650384323 1.0 260
1716650384375 1.0 261
1716650384424 1.0 262
1716650384475 1.0 263
1716650384525 1.0 264
1716650384576 0.9919678714859438 265
1716650384626 1.0 266
1716650384676 0.9919678714859438 267
1716650384727 1.0 268
1716650384778 0.9959839357429718 269
1716650384829 0.9879518072289156 270
1716650384880 1.0 271
1716650384929 0.9959839357429718 272
1716650384980 0.9959839357429718 273
1716650385029 1.0 274
1716650385079 1.0 275
1716650385129 1.0 276
1716650385180 1.0 277
1716650385230 1.0 278
1716650385281 1.0 279
1716650385329 1.0 280
1716650385380 1.0 281
1716650385431 1.0 282
1716650385482 1.0 283
1716650385532 1.0 284
1716650385582 1.0 285
1716650385632 1.0 286
1716650385683 1.0 287
1716650385733 1.0 288
1716650385783 0.9959839357429718 289
1716650385834 1.0 290
1716650385885 1.0 291
1716650385937 1.0 292
1716650385989 1.0 293
1716650386040 1.0 294
1716650386090 1.0 295
1716650386138 1.0 296
1716650386189 1.0 297
1716650386240 1.0 298
1716650386290 1.0 299
1716650386341 1.0 300
1716650386391 1.0 301
1716650386442 1.0 302
1716650386493 1.0 303
1716650386545 1.0 304
1716650386596 1.0 305
1716650386646 1.0 306
1716650386697 1.0 307
1716650386748 1.0 308
1716650386799 1.0 309
1716650386859 1.0 310
1716650386910 1.0 311
1716650386960 1.0 312
1716650387013 1.0 313
1716650387064 1.0 314
1716650387113 0.9879518072289156 315
1716650387163 0.9959839357429718 316
1716650387213 1.0 317
1716650387265 0.9959839357429718 318
1716650387317 1.0 319
1716650387367 1.0 320
1716650387417 1.0 321
1716650387468 1.0 322
1716650387520 1.0 323
1716650387571 1.0 324
1716650387621 1.0 325
1716650387672 1.0 326
1716650387721 1.0 327
1716650387770 1.0 328
1716650387820 1.0 329
1716650387871 1.0 330
1716650387923 1.0 331
1716650387980 1.0 332
1716650388033 1.0 333
1716650388085 0.9919678714859438 334
1716650388136 0.9959839357429718 335
1716650388186 1.0 336
1716650388237 0.9919678714859438 337
1716650388286 1.0 338
1716650388336 1.0 339
1716650388387 0.9959839357429718 340
1716650388437 1.0 341
1716650388488 1.0 342
1716650388538 1.0 343
1716650388590 1.0 344
1716650388640 1.0 345
1716650388689 1.0 346
1716650388739 1.0 347
1716650388790 1.0 348
1716650388841 1.0 349
1716650388891 1.0 350
1716650388942 1.0 351
1716650388992 1.0 352
1716650389043 1.0 353
1716650389095 1.0 354
1716650389146 1.0 355
1716650389197 1.0 356
1716650389247 1.0 357
1716650389298 1.0 358
1716650389348 1.0 359
1716650389397 1.0 360
1716650389447 1.0 361
1716650389498 1.0 362
1716650389549 1.0 363
1716650389600 1.0 364
1716650389651 1.0 365
1716650389702 1.0 366
1716650389753 0.9959839357429718 367
1716650389802 1.0 368
1716650389851 1.0 369
1716650389901 1.0 370
1716650389951 1.0 371
1716650390003 1.0 372
1716650390054 1.0 373
1716650390105 1.0 374
1716650390155 1.0 375
1716650390206 1.0 376
1716650390258 1.0 377
1716650390308 1.0 378
1716650390359 1.0 379
1716650390409 1.0 380
1716650390460 1.0 381
1716650390511 1.0 382
1716650390561 1.0 383
1716650390612 1.0 384
1716650390662 1.0 385
1716650390713 0.9959839357429718 386
1716650390765 0.9879518072289156 387
1716650390815 1.0 388
1716650390866 1.0 389
1716650390916 1.0 390
1716650390967 1.0 391
1716650391017 1.0 392
1716650391068 1.0 393
1716650391119 1.0 394
1716650391169 1.0 395
1716650391221 1.0 396
1716650391273 0.9959839357429718 397
1716650391324 1.0 398
1716650391375 1.0 399
1716650391426 1.0 400
1716650391477 0.9959839357429718 401
1716650391527 0.9959839357429718 402
1716650391576 1.0 403
1716650391627 1.0 404
1716650391675 1.0 405
1716650391727 1.0 406
1716650391777 1.0 407
1716650391827 1.0 408
1716650391877 1.0 409
1716650391928 1.0 410
1716650391978 1.0 411
1716650392029 1.0 412
1716650392079 1.0 413
1716650392130 1.0 414
1716650392180 0.9959839357429718 415
1716650392232 1.0 416
1716650392284 1.0 417
1716650392338 0.9959839357429718 418
1716650392388 1.0 419
1716650392439 1.0 420
1716650392490 0.9919678714859438 421
1716650392540 1.0 422
1716650392590 1.0 423
1716650392641 1.0 424
1716650392691 1.0 425
1716650392756 1.0 426
1716650392806 1.0 427
1716650392857 1.0 428
1716650392906 1.0 429
1716650392957 1.0 430
1716650393007 1.0 431
1716650393057 1.0 432
1716650393107 1.0 433
1716650393157 1.0 434
1716650393207 1.0 435
1716650393259 0.9959839357429718 436
1716650393310 1.0 437
1716650393360 1.0 438
1716650393411 1.0 439
1716650393462 1.0 440
1716650393513 1.0 441
1716650393563 1.0 442
1716650393614 1.0 443
1716650393665 1.0 444
1716650393715 1.0 445
1716650393768 1.0 446
1716650393819 1.0 447
1716650393870 1.0 448
1716650393920 1.0 449
1716650393971 1.0 450
1716650394021 1.0 451
1716650394072 1.0 452
1716650394123 1.0 453
1716650394174 0.9959839357429718 454
1716650394224 1.0 455
1716650394274 1.0 456
1716650394324 1.0 457
1716650394376 0.9959839357429718 458
1716650394427 0.9959839357429718 459
1716650394478 1.0 460
1716650394528 1.0 461
1716650394579 1.0 462
1716650394630 1.0 463
1716650394680 1.0 464
1716650394730 1.0 465
1716650394780 1.0 466
1716650394830 1.0 467
1716650394881 1.0 468
1716650394931 0.9959839357429718 469
1716650394985 1.0 470
1716650395036 0.9959839357429718 471
1716650395086 1.0 472
1716650395137 1.0 473
1716650395188 1.0 474
1716650395239 1.0 475
1716650395288 1.0 476
1716650395338 1.0 477
1716650395389 1.0 478
1716650395440 1.0 479
1716650395491 1.0 480
1716650395542 1.0 481
1716650395592 1.0 482
1716650395644 1.0 483
1716650395694 1.0 484
1716650395745 1.0 485
1716650395796 1.0 486
1716650395846 1.0 487
1716650395896 1.0 488
1716650395945 1.0 489
1716650395997 1.0 490
1716650396048 1.0 491
1716650396098 1.0 492
1716650396149 1.0 493
1716650396199 1.0 494
1716650396250 1.0 495
1716650396300 1.0 496
1716650396351 1.0 497
1716650396401 1.0 498
1716650396451 1.0 499
1716650396500 1.0 500
