1716650371171 0.4378297351873838 1
1716650371223 0.28007888335448045 2
1716650371274 0.19638184515329507 3
1716650371326 0.16346277181918806 4
1716650371377 0.1559856470960837 5
1716650371427 0.13239056101212135 6
1716650371479 0.14047622279478952 7
1716650371530 0.09740463787546524 8
1716650371581 0.11159771050398166 9
1716650371632 0.09654045477509499 10
1716650371684 0.07615109762320152 11
1716650371735 0.042854067511283435 12
1716650371798 0.06898557022213936 13
1716650371849 0.08766447552121602 14
1716650371900 0.09726944336524376 15
1716650371950 0.09968259858970459 16
1716650372002 0.040394050284073904 17
1716650372052 0.05563338186878424 18
1716650372102 0.03919680115695183 19
1716650372153 0.04807120396827276 20
1716650372205 0.0261775624866669 21
1716650372255 0.030542023479938507 22
1716650372310 0.06726936050332509 23
1716650372361 0.029453655489935324 24
1716650372411 0.04116274667187379 25
1716650372463 0.015313342571831666 26
1716650372513 0.0286195374523791 27
1716650372563 0.017818987978479035 28
1716650372614 0.012594791809813334 29
1716650372663 0.026012407436680336 30
1716650372715 0.11352339920659478 31
1716650372763 0.050365447711486086 32
1716650372814 0.047722041606903076 33
1716650372864 0.020794923811291274 34
1716650372913 0.02291344296043882 35
1716650372963 0.01662026782735036 36
1716650373014 0.02100405781171643 37
1716650373064 0.030630944905659326 38
1716650373114 0.05179058420113646 39
1716650373164 0.0425133012736646 40
1716650373215 0.024948592476833325 41
1716650373264 0.01619738693205783 42
1716650373312 0.019823673790177472 43
1716650373363 0.09714676787217076 44
1716650373413 0.022122877578322705 45
1716650373463 0.010298443814882865 46
1716650373513 0.011693794172830306 47
1716650373564 0.013921788230968209 48
1716650373615 0.011610603479381938 49
1716650373667 0.04242298397450493 50
1716650373717 0.011021610224046387 51
1716650373769 0.006110779403780515 52
1716650373820 0.010129261367882673 53
1716650373870 0.02841597945930866 54
1716650373920 0.08120021403122407 55
1716650373970 0.026873140004821695 56
1716650374020 0.02485478472394439 57
1716650374071 0.01814197306521237 58
1716650374121 0.05401044387298708 59
1716650374171 0.02004089401676678 60
1716650374223 0.004667313876920021 61
1716650374272 0.008381934657406349 62
1716650374323 0.021252287139829535 63
1716650374374 0.017576276181408994 64
1716650374424 0.02497331887626877 65
1716650374475 0.0029473898108475483 66
1716650374526 0.005138155502768664 67
1716650374577 0.006172576032650585 68
1716650374628 0.01587507262145384 69
1716650374679 0.013436506368004931 70
1716650374729 0.0105023165143883 71
1716650374779 0.006056510888111706 72
1716650374830 0.010383542027109517 73
1716650374879 0.03409752862241406 74
1716650374930 0.009587159254946388 75
1716650374981 0.029255734559578393 76
1716650375030 0.013967889808834745 77
1716650375081 0.02021980910705259 78
1716650375132 0.005365572439936491 79
1716650375183 0.002008953489936315 80
1716650375233 0.0029416700037053 81
1716650375284 0.019665593594814148 82
1716650375335 0.005451918051291544 83
1716650375385 0.008193966269922944 84
1716650375435 0.006790591833683161 85
1716650375485 0.0031421177465325366 86
1716650375536 0.0018716784632908036 87
1716650375585 0.003319240416973256 88
1716650375636 0.0017386115505360067 89
1716650375686 0.015374055087494735 90
1716650375736 0.03537447591168949 91
1716650375786 0.03677157368152761 92
1716650375837 0.009024670374436447 93
1716650375887 0.03857781696849717 94
1716650375938 0.008733130239236813 95
1716650375988 0.0030915899058947195 96
1716650376037 0.004818478903661554 97
1716650376089 0.007081027263596367 98
1716650376139 0.004161298548122152 99
1716650376189 0.0030030037563007613 100
1716650376240 0.0015541329317224713 101
1716650376291 0.0017559248148105466 102
1716650376341 0.007818330007676896 103
1716650376392 0.02106535413678592 104
1716650376443 0.0037678156424170504 105
1716650376494 0.004773619307133441 106
1716650376544 0.003216889745090157 107
1716650376594 0.001344529011895737 108
1716650376646 0.002376126282167836 109
1716650376698 0.007011641206470533 110
1716650376749 0.014606705215276005 111
1716650376799 0.0035784475756092714 112
1716650376850 0.023815259328470208 113
1716650376901 0.036716718974415787 114
1716650376953 0.0016525355816926234 115
1716650377002 0.00248479887467021 116
1716650377053 0.0019636439011754612 117
1716650377103 0.013122625245999258 118
1716650377154 0.0032813028038407746 119
1716650377204 0.05093996422454858 120
1716650377255 0.02609949612703461 121
1716650377309 0.004316289201737023 122
1716650377360 0.0037417632948535564 123
1716650377412 0.0023640863476500204 124
1716650377462 0.007930296887374984 125
1716650377512 0.052049382347971775 126
1716650377562 0.0029724766365968837 127
1716650377612 0.005265479475313511 128
1716650377663 0.008496529198824786 129
1716650377712 0.03658765964568234 130
1716650377764 0.008752508576995192 131
1716650377815 0.0016764952720572741 132
1716650377866 0.0026472179451957345 133
1716650377916 0.0014635401222711573 134
1716650377966 0.0033712130075750444 135
1716650378017 0.0020459773435364836 136
1716650378067 0.0016487184240339468 137
1716650378117 0.0026781682099681348 138
1716650378167 0.029785621797110744 139
1716650378234 0.01548243179702415 140
1716650378287 0.01451428710984496 141
1716650378339 0.0027010815616589612 142
1716650378388 0.0027955884848219845 143
1716650378439 0.001399226795631246 144
1716650378489 0.002615878557732615 145
1716650378540 0.0283693651525447 146
1716650378591 0.01027266968202849 147
1716650378642 0.02034370029398885 148
1716650378692 0.007004109943339314 149
1716650378743 0.003330306105244045 150
1716650378793 0.0034635283070831345 151
1716650378844 0.004092310407521347 152
1716650378894 0.0017209957183625263 153
1716650378945 0.0009621347282798245 154
1716650378995 0.0031220866456771125 155
1716650379045 0.0010195566932312571 156
1716650379096 0.0025235251187740895 157
1716650379148 0.0026066480204463005 158
1716650379199 0.0007983488780715001 159
1716650379251 0.0005807230806497571 160
1716650379301 0.0014818194993914892 161
1716650379352 0.0011745275383313687 162
1716650379402 0.013866091787349433 163
1716650379453 0.08405567963088217 164
1716650379503 0.06723314323999847 165
1716650379554 0.006838166848935474 166
1716650379605 0.04215704494093258 167
1716650379656 0.007345796383630771 168
1716650379707 0.011927870706690906 169
1716650379758 0.0020607179187488956 170
1716650379809 0.004363215255300299 171
1716650379860 0.0016330824739550455 172
1716650379911 0.0022233554202382667 173
1716650379963 0.005051000084047421 174
1716650380013 0.0026704550881941733 175
1716650380063 0.0036434509630243364 176
1716650380113 0.002131419751094654 177
1716650380164 0.0006122449278616562 178
1716650380214 0.001500204269317552 179
1716650380265 0.010626916028111456 180
1716650380316 0.022451332427758295 181
1716650380367 0.0272097399955293 182
1716650380417 0.003164019249827386 183
1716650380468 0.0021453174457956967 184
1716650380520 0.0013040415494917678 185
1716650380572 0.005622558790491894 186
1716650380622 0.0049390576649994515 187
1716650380673 0.0022617992407713947 188
1716650380722 0.0025795951055792663 189
1716650380773 0.0008279231036655032 190
1716650380823 0.001012134943336535 191
1716650380875 0.002052229059000428 192
1716650380920 0.008416660620311562 193
1716650380971 0.009889161841084178 194
1716650381016 0.0027836899367125276 195
1716650381068 0.0004980151917642126 196
1716650381119 0.008261400591716385 197
1716650381170 0.0005049637738221253 198
1716650381220 0.004374076148871189 199
1716650381271 0.00390629034574466 200
1716650381321 0.0012198272194767084 201
1716650381372 0.001021425001314268 202
1716650381422 0.0005931966667188904 203
1716650381473 0.0022277018232181524 204
1716650381524 0.0017766440936471694 205
1716650381576 0.0010589887746251547 206
1716650381626 0.0006809800498348733 207
1716650381677 0.0027542451739114206 208
1716650381728 0.0017073740734933661 209
1716650381779 0.026125599011160936 210
1716650381829 0.0036025315885826084 211
1716650381879 0.0007222443001900011 212
1716650381930 0.0013524234471753095 213
1716650381980 0.0018591646993837247 214
1716650382030 0.006217923204530962 215
1716650382081 0.05399750220665457 216
1716650382131 0.006400749698514119 217
1716650382182 0.016446301366578646 218
1716650382232 0.007494933575239534 219
1716650382285 0.02972634436446242 220
1716650382336 0.004287343039043033 221
1716650382386 0.01615310205894415 222
1716650382436 0.036099012466505744 223
1716650382486 0.03363626307467572 224
1716650382536 0.02322017580557328 225
1716650382587 0.0061970948702834835 226
1716650382637 0.0010116716551307875 227
1716650382699 0.0024260073439039 228
1716650382753 0.004268924110175039 229
1716650382803 0.00510956490269074 230
1716650382854 0.019484254609918795 231
1716650382903 0.014569262385171337 232
1716650382953 0.005083256960810663 233
1716650383003 0.0015481354617245065 234
1716650383054 0.001210961514376462 235
1716650383104 0.002551794981207842 236
1716650383155 0.0007612456101924181 237
1716650383206 0.0005094031221233308 238
1716650383257 0.001388952635282364 239
1716650383307 0.0030197263180385702 240
1716650383358 0.0018706344976985396 241
1716650383410 0.00043204049646961863 242
1716650383460 0.0005536427611682134 243
1716650383510 0.0013450836435927509 244
1716650383560 0.0009213933752527317 245
1716650383611 0.001550855612619601 246
1716650383661 0.028582406881748915 247
1716650383711 0.031148215146878593 248
1716650383762 0.04999715053753999 249
1716650383813 0.004480054877393951 250
1716650383864 0.00230472600826313 251
1716650383914 0.0026557363498096284 252
1716650383965 0.0009643578982482163 253
1716650384016 0.015050912488592215 254
1716650384067 0.003209054126413181 255
1716650384118 0.0013990918322143932 256
1716650384168 0.0017652076729483758 257
1716650384219 0.0008601690899992648 258
1716650384270 0.0006916421228267539 259
1716650384321 0.0007991694851975458 260
1716650384372 0.001433090895611363 261
1716650384422 0.0010950618486206692 262
1716650384473 0.0014694542187498882 263
1716650384523 0.012345892638012838 264
1716650384573 0.03610688845107619 265
1716650384624 0.001533007285056206 266
1716650384674 0.06715952401730017 267
1716650384725 0.005387737800797017 268
1716650384776 0.04399124463984313 269
1716650384827 0.021921573193349805 270
1716650384878 0.007020309800282121 271
1716650384927 0.01656330023587753 272
1716650384977 0.012139758504837608 273
1716650385027 0.002842944442258718 274
1716650385077 0.0018424432648596568 275
1716650385127 0.0013889233478738998 276
1716650385178 0.0008132278576690274 277
1716650385228 0.000603169079672975 278
1716650385278 0.0006784549802362632 279
1716650385327 0.001859714157315186 280
1716650385378 0.006929115143765767 281
1716650385428 0.0006889936653001664 282
1716650385480 0.002529101661191537 283
1716650385530 0.00156141873762513 284
1716650385580 0.0007698814364490458 285
1716650385630 0.0011002951729236743 286
1716650385680 0.0006058488932187454 287
1716650385731 0.002398744588180517 288
1716650385781 0.004771819616927622 289
1716650385831 0.000672913680318743 290
1716650385883 0.0011794712291493153 291
1716650385935 0.0005359375432957537 292
1716650385987 0.0009169321005734113 293
1716650386038 0.00035432440367563127 294
1716650386088 0.0007859261990793479 295
1716650386136 0.000848647522686336 296
1716650386187 0.0006288578403585304 297
1716650386238 0.0003146269317277564 298
1716650386288 0.00038931984118579957 299
1716650386339 0.00035300943720638036 300
1716650386389 0.0005031584912033465 301
1716650386440 0.001031469708183207 302
1716650386491 0.0009020499917544209 303
1716650386542 0.0006556217821735817 304
1716650386593 0.0006604990846356556 305
1716650386644 0.0002235267227381253 306
1716650386695 0.0002898979812296322 307
1716650386746 0.0004987330086385974 308
1716650386797 0.010610553816569826 309
1716650386857 0.0013863964346595681 310
1716650386908 0.0003795204762494765 311
1716650386958 0.0004954235309224504 312
1716650387011 0.00030263408328979637 313
1716650387061 0.00044778688830914546 314
1716650387111 0.04446187577895426 315
1716650387161 0.010140611434158368 316
1716650387211 0.01848694495856762 317
1716650387262 0.00425069348868699 318
1716650387314 0.005059276148900748 319
1716650387365 0.002622432046337053 320
1716650387415 0.0018858303088703766 321
1716650387466 0.0007570051529910415 322
1716650387518 0.0007538306448483267 323
1716650387569 0.000807816691051882 324
1716650387619 0.000657912435529467 325
1716650387670 0.00047321272051284235 326
1716650387719 0.0007084963139137612 327
1716650387768 0.00048211038385768636 328
1716650387818 0.0007647024881757366 329
1716650387868 0.0007022021703820568 330
1716650387920 0.0006864497274643957 331
1716650387976 0.00017339167691086634 332
1716650388031 0.00045055719517851964 333
1716650388083 0.03121592435155225 334
1716650388134 0.0740781427683452 335
1716650388184 0.004332674897831077 336
1716650388234 0.018961198301090356 337
1716650388284 0.0032958288905389896 338
1716650388334 0.003310546810658147 339
1716650388385 0.010786667048635606 340
1716650388435 0.018098109312212236 341
1716650388486 0.0010830476474858676 342
1716650388536 0.0027826931797720203 343
1716650388587 0.0013109910886179512 344
1716650388637 0.0009091811606105274 345
1716650388687 0.0018804469168222009 346
1716650388737 0.0013886581241072586 347
1716650388788 0.00047414809187802556 348
1716650388839 0.0021236749386074594 349
1716650388888 0.0006586570861355329 350
1716650388939 0.0012199607209857698 351
1716650388990 0.001868262950805589 352
1716650389041 0.00037105341750877694 353
1716650389092 0.0007096724509140656 354
1716650389143 0.0002915008220812664 355
1716650389195 0.0009876601168518672 356
1716650389245 0.0005205756555929278 357
1716650389296 0.0010166145145306543 358
1716650389346 0.0008684680690818753 359
1716650389395 0.00024337693377254673 360
1716650389445 0.0007609149806040267 361
1716650389495 0.0005014102126341851 362
1716650389546 0.0003475697401602072 363
1716650389598 0.004153620033601048 364
1716650389649 0.0018943521124758543 365
1716650389700 0.0002797588240355253 366
1716650389751 0.004231054106360086 367
1716650389800 0.0008256227078023725 368
1716650389849 0.00025221063865151687 369
1716650389899 0.0015828932989209604 370
1716650389949 0.0006182077004968261 371
1716650390001 0.00042305470336801733 372
1716650390052 0.0004743084483869517 373
1716650390102 0.00034986018699083407 374
1716650390152 0.001073489818876484 375
1716650390204 0.0018704707164523336 376
1716650390255 0.00014353366518312565 377
1716650390305 0.00239572641741968 378
1716650390356 0.00017268012729451025 379
1716650390407 0.0001843152175961922 380
1716650390458 0.00026353150147210376 381
1716650390509 0.0005537570698204666 382
1716650390559 0.00018021421419689432 383
1716650390610 0.0014740234137906765 384
1716650390659 0.00031109008425398945 385
1716650390711 0.008665976633682685 386
1716650390762 0.07007301417448056 387
1716650390813 0.011940264819154086 388
1716650390864 0.003691608776884655 389
1716650390914 0.0008495007742357512 390
1716650390965 0.004161458825155233 391
1716650391015 0.00920968032509196 392
1716650391066 0.0004908266010506151 393
1716650391117 0.0018547193036423638 394
1716650391167 0.0006391389772313862 395
1716650391218 0.0002668950893656494 396
1716650391271 0.03443755311533236 397
1716650391322 0.011892763345923204 398
1716650391373 0.0017533577898015769 399
1716650391424 0.003027797599385779 400
1716650391475 0.018342002597749412 401
1716650391525 0.011051409711609058 402
1716650391574 0.0030244940045612077 403
1716650391624 0.005983166786721155 404
1716650391673 0.0034331033653311003 405
1716650391725 0.002400175331366392 406
1716650391775 0.0005343712859590036 407
1716650391825 0.0005622400326851326 408
1716650391875 0.0008710210179113067 409
1716650391926 0.002068509496614122 410
1716650391976 0.0016763518237544654 411
1716650392027 0.0005297509034370215 412
1716650392077 0.0009180910895408418 413
1716650392128 0.00034613926814367564 414
1716650392178 0.013748512685057133 415
1716650392229 0.019856260615947228 416
1716650392282 0.0025657279234460127 417
1716650392336 0.00503612328555811 418
1716650392386 0.000562588456467403 419
1716650392437 0.000308084080293506 420
1716650392487 0.04738199704017741 421
1716650392538 0.0010481803552605785 422
1716650392588 0.0008747678993341441 423
1716650392639 0.0007037082507919807 424
1716650392689 0.0014727450901633487 425
1716650392754 0.005579734296099139 426
1716650392804 0.0008450199182754239 427
1716650392855 0.0008151620478691676 428
1716650392904 0.002391959397825233 429
1716650392955 0.001036430166165631 430
1716650393004 0.0009417042814535447 431
1716650393055 0.00045347917162311764 432
1716650393105 0.0005881537111305918 433
1716650393155 0.0002709788778492321 434
1716650393205 0.0013100660681420078 435
1716650393256 0.0044896856270497665 436
1716650393307 0.0006411082112418416 437
1716650393358 0.0003591518845776311 438
1716650393409 0.00029154397298743087 439
1716650393460 0.0012165885701296458 440
1716650393511 0.003100230575700362 441
1716650393561 0.002666920674808073 442
1716650393612 0.0006420504248056274 443
1716650393663 0.00022193974039580027 444
1716650393713 0.0011138662571633735 445
1716650393765 0.0002871991827515348 446
1716650393817 0.0003945579681805192 447
1716650393868 0.00024409112610066167 448
1716650393918 0.0005082686528532157 449
1716650393969 0.00017479353454501295 450
1716650394019 0.00040189524364765163 451
1716650394070 0.0013837223954256983 452
1716650394121 0.002050521710211447 453
1716650394171 0.017677821783134 454
1716650394222 0.055542851713163637 455
1716650394272 0.011941550776380329 456
1716650394322 0.003185215504625096 457
1716650394373 0.02611137498192525 458
1716650394425 0.020818650986676894 459
1716650394475 0.007414054631506308 460
1716650394526 0.008308895879263919 461
1716650394577 0.0024546097511819634 462
1716650394627 0.0019629290629661856 463
1716650394678 0.0025762024317653133 464
1716650394728 0.001291963006504095 465
1716650394778 0.00035522207998348255 466
1716650394828 0.0014431118996491511 467
1716650394879 0.01282914096597009 468
1716650394929 0.010611214612324078 469
1716650394982 0.022402718321805317 470
1716650395033 0.013571405356812578 471
1716650395084 0.004283458867575973 472
1716650395135 0.004752598994505556 473
1716650395186 0.001659034787175747 474
1716650395237 0.0013724659063602583 475
1716650395286 0.0003052254939505544 476
1716650395336 0.0022225685825105757 477
1716650395387 0.0007480273209064483 478
1716650395437 0.0003546317160586253 479
1716650395489 0.00024339385317244494 480
1716650395540 0.0002782835794138149 481
1716650395590 0.004411692168035258 482
1716650395642 0.0023222688396344893 483
1716650395692 0.0013352255023514421 484
1716650395743 0.00028200642331145133 485
1716650395793 0.0007810345240823852 486
1716650395844 0.0006517746565245594 487
1716650395894 0.0005659041937458544 488
1716650395943 0.0037285086588011696 489
1716650395995 0.0018920015360121257 490
1716650396046 0.0008347360747463356 491
1716650396096 0.0010581283226761466 492
1716650396147 0.00272429453112776 493
1716650396197 0.0014935993145067745 494
1716650396248 0.0006264260619690714 495
1716650396298 0.0005597958247213123 496
1716650396348 0.0005235583610975972 497
1716650396399 0.00034708407446697284 498
1716650396449 0.0003579367462057584 499
1716650396498 0.0006522738387082847 500
