1716650371172 0.8618090452261307 1
1716650371224 0.9447236180904522 2
1716650371275 0.9748743718592965 3
1716650371326 0.9748743718592965 4
1716650371378 0.9723618090452262 5
1716650371428 0.9748743718592965 6
1716650371480 0.957286432160804 7
1716650371530 0.9849246231155779 8
1716650371581 0.9698492462311558 9
1716650371633 0.9748743718592965 10
1716650371685 0.9874371859296482 11
1716650371736 0.9974874371859297 12
1716650371799 0.9849246231155779 13
1716650371850 0.9849246231155779 14
1716650371901 0.9723618090452262 15
1716650371951 0.9723618090452262 16
1716650372002 0.9949748743718593 17
1716650372053 0.9874371859296482 18
1716650372103 0.9949748743718593 19
1716650372154 0.9899497487437185 20
1716650372205 0.992462311557789 21
1716650372256 0.9949748743718593 22
1716650372311 0.9773869346733668 23
1716650372362 0.9949748743718593 24
1716650372412 0.9899497487437185 25
1716650372464 1.0 26
1716650372513 0.9974874371859297 27
1716650372564 0.9974874371859297 28
1716650372615 1.0 29
1716650372664 0.992462311557789 30
1716650372716 0.964824120603015 31
1716650372764 0.9874371859296482 32
1716650372814 0.9849246231155779 33
1716650372864 0.9949748743718593 34
1716650372914 0.9974874371859297 35
1716650372964 0.9974874371859297 36
1716650373015 0.9949748743718593 37
1716650373065 0.9949748743718593 38
1716650373115 0.9874371859296482 39
1716650373165 0.9899497487437185 40
1716650373216 0.9949748743718593 41
1716650373265 0.9974874371859297 42
1716650373313 0.9949748743718593 43
1716650373364 0.9824120603015075 44
1716650373413 0.9949748743718593 45
1716650373464 1.0 46
1716650373514 1.0 47
1716650373565 0.9974874371859297 48
1716650373616 0.9949748743718593 49
1716650373667 0.9824120603015075 50
1716650373718 1.0 51
1716650373770 1.0 52
1716650373820 0.9949748743718593 53
1716650373871 0.992462311557789 54
1716650373921 0.9723618090452262 55
1716650373971 0.9949748743718593 56
1716650374021 0.9949748743718593 57
1716650374072 0.9949748743718593 58
1716650374122 0.9849246231155779 59
1716650374172 0.992462311557789 60
1716650374224 1.0 61
1716650374273 1.0 62
1716650374324 0.9949748743718593 63
1716650374374 0.9949748743718593 64
1716650374425 0.992462311557789 65
1716650374476 1.0 66
1716650374527 1.0 67
1716650374578 1.0 68
1716650374629 0.992462311557789 69
1716650374680 0.9974874371859297 70
1716650374730 0.9974874371859297 71
1716650374780 1.0 72
1716650374831 0.9974874371859297 73
1716650374880 0.9874371859296482 74
1716650374930 1.0 75
1716650374981 0.9949748743718593 76
1716650375031 0.9899497487437185 77
1716650375082 0.992462311557789 78
1716650375133 1.0 79
1716650375184 1.0 80
1716650375234 1.0 81
1716650375285 0.9949748743718593 82
1716650375336 1.0 83
1716650375386 0.9974874371859297 84
1716650375436 0.9974874371859297 85
1716650375486 1.0 86
1716650375537 1.0 87
1716650375586 1.0 88
1716650375637 1.0 89
1716650375687 0.9949748743718593 90
1716650375737 0.9949748743718593 91
1716650375787 0.992462311557789 92
1716650375838 0.9949748743718593 93
1716650375888 0.9874371859296482 94
1716650375938 0.9974874371859297 95
1716650375988 1.0 96
1716650376038 0.9974874371859297 97
1716650376089 0.9974874371859297 98
1716650376139 1.0 99
1716650376190 1.0 100
1716650376241 1.0 101
1716650376292 1.0 102
1716650376342 1.0 103
1716650376393 0.992462311557789 104
1716650376444 1.0 105
1716650376494 1.0 106
1716650376545 1.0 107
1716650376595 1.0 108
1716650376646 1.0 109
1716650376699 0.9974874371859297 110
1716650376750 0.9974874371859297 111
1716650376800 1.0 112
1716650376851 0.9899497487437185 113
1716650376902 0.9849246231155779 114
1716650376954 1.0 115
1716650377003 1.0 116
1716650377054 1.0 117
1716650377104 0.9974874371859297 118
1716650377155 1.0 119
1716650377205 0.9949748743718593 120
1716650377256 0.9949748743718593 121
1716650377310 1.0 122
1716650377361 1.0 123
1716650377412 1.0 124
1716650377463 0.9974874371859297 125
1716650377513 0.9824120603015075 126
1716650377563 1.0 127
1716650377612 1.0 128
1716650377663 0.9974874371859297 129
1716650377713 0.9974874371859297 130
1716650377765 0.9949748743718593 131
1716650377816 1.0 132
1716650377866 1.0 133
1716650377917 1.0 134
1716650377967 1.0 135
1716650378018 1.0 136
1716650378068 1.0 137
1716650378118 1.0 138
1716650378168 0.9899497487437185 139
1716650378235 0.9974874371859297 140
1716650378288 0.9974874371859297 141
1716650378340 1.0 142
1716650378389 1.0 143
1716650378440 1.0 144
1716650378490 1.0 145
1716650378541 0.992462311557789 146
1716650378592 0.9974874371859297 147
1716650378642 0.9949748743718593 148
1716650378693 0.9974874371859297 149
1716650378743 1.0 150
1716650378793 1.0 151
1716650378845 1.0 152
1716650378895 1.0 153
1716650378946 1.0 154
1716650378996 1.0 155
1716650379046 1.0 156
1716650379097 1.0 157
1716650379148 1.0 158
1716650379200 1.0 159
1716650379252 1.0 160
1716650379302 1.0 161
1716650379352 1.0 162
1716650379403 0.9974874371859297 163
1716650379454 0.992462311557789 164
1716650379504 0.9849246231155779 165
1716650379555 1.0 166
1716650379606 0.9849246231155779 167
1716650379657 1.0 168
1716650379708 0.9974874371859297 169
1716650379759 1.0 170
1716650379810 1.0 171
1716650379861 1.0 172
1716650379912 1.0 173
1716650379964 1.0 174
1716650380014 1.0 175
1716650380064 1.0 176
1716650380114 1.0 177
1716650380165 1.0 178
1716650380215 1.0 179
1716650380266 0.9974874371859297 180
1716650380317 0.992462311557789 181
1716650380368 0.9949748743718593 182
1716650380418 0.9974874371859297 183
1716650380468 1.0 184
1716650380521 1.0 185
1716650380573 1.0 186
1716650380623 1.0 187
1716650380674 1.0 188
1716650380723 1.0 189
1716650380773 1.0 190
1716650380824 1.0 191
1716650380876 1.0 192
1716650380921 0.9974874371859297 193
1716650380972 0.9974874371859297 194
1716650381017 1.0 195
1716650381069 1.0 196
1716650381120 0.9974874371859297 197
1716650381171 1.0 198
1716650381221 0.9974874371859297 199
1716650381272 1.0 200
1716650381322 1.0 201
1716650381373 1.0 202
1716650381423 1.0 203
1716650381474 1.0 204
1716650381525 1.0 205
1716650381577 1.0 206
1716650381627 1.0 207
1716650381678 1.0 208
1716650381729 1.0 209
1716650381780 0.9949748743718593 210
1716650381830 1.0 211
1716650381880 1.0 212
1716650381931 1.0 213
1716650381981 1.0 214
1716650382031 0.9974874371859297 215
1716650382082 0.9949748743718593 216
1716650382132 0.9974874371859297 217
1716650382183 0.9949748743718593 218
1716650382233 0.9974874371859297 219
1716650382286 0.9849246231155779 220
1716650382337 1.0 221
1716650382387 0.992462311557789 222
1716650382437 0.992462311557789 223
1716650382487 0.992462311557789 224
1716650382537 0.9974874371859297 225
1716650382588 0.9974874371859297 226
1716650382638 1.0 227
1716650382700 1.0 228
1716650382754 0.9974874371859297 229
1716650382804 1.0 230
1716650382855 0.9974874371859297 231
1716650382904 0.992462311557789 232
1716650382954 0.9949748743718593 233
1716650383004 1.0 234
1716650383055 1.0 235
1716650383105 1.0 236
1716650383156 1.0 237
1716650383207 1.0 238
1716650383258 1.0 239
1716650383308 1.0 240
1716650383359 1.0 241
1716650383410 1.0 242
1716650383461 1.0 243
1716650383511 1.0 244
1716650383561 1.0 245
1716650383611 1.0 246
1716650383662 0.9824120603015075 247
1716650383712 0.992462311557789 248
1716650383763 0.992462311557789 249
1716650383814 0.9974874371859297 250
1716650383864 1.0 251
1716650383915 1.0 252
1716650383966 1.0 253
1716650384017 0.9949748743718593 254
1716650384068 1.0 255
1716650384119 1.0 256
1716650384169 1.0 257
1716650384220 1.0 258
1716650384270 1.0 259
1716650384322 1.0 260
1716650384373 1.0 261
1716650384423 1.0 262
1716650384474 1.0 263
1716650384523 0.9974874371859297 264
1716650384574 0.9949748743718593 265
1716650384625 1.0 266
1716650384675 0.9798994974874372 267
1716650384726 1.0 268
1716650384776 0.992462311557789 269
1716650384828 0.992462311557789 270
1716650384878 1.0 271
1716650384928 0.9949748743718593 272
1716650384978 0.9949748743718593 273
1716650385028 1.0 274
1716650385078 1.0 275
1716650385128 1.0 276
1716650385179 1.0 277
1716650385229 1.0 278
1716650385279 1.0 279
1716650385328 1.0 280
1716650385378 0.9974874371859297 281
1716650385429 1.0 282
1716650385481 1.0 283
1716650385531 1.0 284
1716650385581 1.0 285
1716650385631 1.0 286
1716650385681 1.0 287
1716650385731 1.0 288
1716650385782 0.9974874371859297 289
1716650385832 1.0 290
1716650385884 1.0 291
1716650385936 1.0 292
1716650385987 1.0 293
1716650386039 1.0 294
1716650386089 1.0 295
1716650386137 1.0 296
1716650386188 1.0 297
1716650386239 1.0 298
1716650386289 1.0 299
1716650386340 1.0 300
1716650386390 1.0 301
1716650386441 1.0 302
1716650386492 1.0 303
1716650386543 1.0 304
1716650386594 1.0 305
1716650386645 1.0 306
1716650386696 1.0 307
1716650386747 1.0 308
1716650386798 0.9974874371859297 309
1716650386858 1.0 310
1716650386909 1.0 311
1716650386959 1.0 312
1716650387011 1.0 313
1716650387062 1.0 314
1716650387112 0.9874371859296482 315
1716650387162 0.9974874371859297 316
1716650387212 0.9974874371859297 317
1716650387263 0.9974874371859297 318
1716650387315 0.9974874371859297 319
1716650387366 1.0 320
1716650387416 1.0 321
1716650387467 1.0 322
1716650387519 1.0 323
1716650387570 1.0 324
1716650387620 1.0 325
1716650387670 1.0 326
1716650387719 1.0 327
1716650387769 1.0 328
1716650387819 1.0 329
1716650387869 1.0 330
1716650387921 1.0 331
1716650387977 1.0 332
1716650388032 1.0 333
1716650388084 0.9949748743718593 334
1716650388135 0.9798994974874372 335
1716650388185 1.0 336
1716650388235 0.992462311557789 337
1716650388285 1.0 338
1716650388335 1.0 339
1716650388385 0.9974874371859297 340
1716650388436 0.9949748743718593 341
1716650388487 1.0 342
1716650388537 1.0 343
1716650388588 1.0 344
1716650388638 1.0 345
1716650388687 1.0 346
1716650388738 1.0 347
1716650388788 1.0 348
1716650388840 1.0 349
1716650388889 1.0 350
1716650388940 1.0 351
1716650388990 1.0 352
1716650389042 1.0 353
1716650389093 1.0 354
1716650389144 1.0 355
1716650389196 1.0 356
1716650389246 1.0 357
1716650389297 1.0 358
1716650389346 1.0 359
1716650389396 1.0 360
1716650389446 1.0 361
1716650389496 1.0 362
1716650389547 1.0 363
1716650389598 1.0 364
1716650389650 1.0 365
1716650389701 1.0 366
1716650389752 0.9974874371859297 367
1716650389801 1.0 368
1716650389850 1.0 369
1716650389900 1.0 370
1716650389950 1.0 371
1716650390002 1.0 372
1716650390053 1.0 373
1716650390103 1.0 374
1716650390153 1.0 375
1716650390205 1.0 376
1716650390256 1.0 377
1716650390306 1.0 378
1716650390357 1.0 379
1716650390408 1.0 380
1716650390458 1.0 381
1716650390510 1.0 382
1716650390560 1.0 383
1716650390610 1.0 384
1716650390660 1.0 385
1716650390712 0.9974874371859297 386
1716650390763 0.9798994974874372 387
1716650390814 0.992462311557789 388
1716650390864 0.9974874371859297 389
1716650390915 1.0 390
1716650390966 1.0 391
1716650391016 0.9974874371859297 392
1716650391067 1.0 393
1716650391118 1.0 394
1716650391168 1.0 395
1716650391219 1.0 396
1716650391271 0.9974874371859297 397
1716650391323 0.9949748743718593 398
1716650391374 1.0 399
1716650391425 1.0 400
1716650391476 0.9949748743718593 401
1716650391526 0.9949748743718593 402
1716650391575 1.0 403
1716650391625 0.9974874371859297 404
1716650391674 1.0 405
1716650391726 1.0 406
1716650391776 1.0 407
1716650391826 1.0 408
1716650391876 1.0 409
1716650391927 1.0 410
1716650391977 1.0 411
1716650392028 1.0 412
1716650392078 1.0 413
1716650392129 1.0 414
1716650392179 0.9974874371859297 415
1716650392230 0.992462311557789 416
1716650392283 1.0 417
1716650392336 0.9974874371859297 418
1716650392387 1.0 419
1716650392437 1.0 420
1716650392488 0.9899497487437185 421
1716650392539 1.0 422
1716650392589 1.0 423
1716650392640 1.0 424
1716650392690 1.0 425
1716650392755 1.0 426
1716650392805 1.0 427
1716650392856 1.0 428
1716650392905 1.0 429
1716650392955 1.0 430
1716650393005 1.0 431
1716650393056 1.0 432
1716650393106 1.0 433
1716650393156 1.0 434
1716650393206 1.0 435
1716650393257 0.9974874371859297 436
1716650393308 1.0 437
1716650393359 1.0 438
1716650393410 1.0 439
1716650393461 1.0 440
1716650393511 1.0 441
1716650393562 1.0 442
1716650393613 1.0 443
1716650393664 1.0 444
1716650393714 1.0 445
1716650393766 1.0 446
1716650393818 1.0 447
1716650393869 1.0 448
1716650393919 1.0 449
1716650393970 1.0 450
1716650394020 1.0 451
1716650394071 1.0 452
1716650394122 1.0 453
1716650394172 0.9974874371859297 454
1716650394223 0.9899497487437185 455
1716650394273 0.9974874371859297 456
1716650394323 1.0 457
1716650394374 0.992462311557789 458
1716650394426 0.9974874371859297 459
1716650394476 0.9949748743718593 460
1716650394527 1.0 461
1716650394578 1.0 462
1716650394628 1.0 463
1716650394679 1.0 464
1716650394728 1.0 465
1716650394779 1.0 466
1716650394829 1.0 467
1716650394879 0.9974874371859297 468
1716650394930 0.9974874371859297 469
1716650394983 0.9974874371859297 470
1716650395034 0.9949748743718593 471
1716650395085 1.0 472
1716650395136 1.0 473
1716650395187 1.0 474
1716650395237 1.0 475
1716650395287 1.0 476
1716650395337 1.0 477
1716650395388 1.0 478
1716650395438 1.0 479
1716650395490 1.0 480
1716650395541 1.0 481
1716650395591 0.9974874371859297 482
1716650395642 1.0 483
1716650395693 1.0 484
1716650395744 1.0 485
1716650395794 1.0 486
1716650395845 1.0 487
1716650395895 1.0 488
1716650395944 1.0 489
1716650395995 1.0 490
1716650396047 1.0 491
1716650396097 1.0 492
1716650396147 1.0 493
1716650396198 1.0 494
1716650396249 1.0 495
1716650396299 1.0 496
1716650396349 1.0 497
1716650396400 1.0 498
1716650396449 1.0 499
1716650396499 1.0 500
