1716843320537 0.8989010989010989 1
1716843320592 0.9582417582417583 2
1716843320647 0.9538461538461539 3
1716843320699 0.9626373626373627 4
1716843320756 0.9626373626373627 5
1716843320808 0.9714285714285714 6
1716843320864 0.9802197802197802 7
1716843320917 0.9802197802197802 8
1716843320972 0.945054945054945 9
1716843321025 0.9824175824175824 10
1716843321079 0.978021978021978 11
1716843321132 0.9714285714285714 12
1716843321185 0.9802197802197802 13
1716843321240 0.9758241758241758 14
1716843321294 0.9626373626373627 15
1716843321348 0.9582417582417583 16
1716843321402 0.9692307692307692 17
1716843321456 0.9846153846153847 18
1716843321510 0.978021978021978 19
1716843321563 0.989010989010989 20
1716843321617 0.9758241758241758 21
1716843321671 0.9758241758241758 22
1716843321724 0.9802197802197802 23
1716843321778 0.9868131868131869 24
1716843321835 0.967032967032967 25
1716843321894 0.9758241758241758 26
1716843321964 0.9934065934065934 27
1716843322018 0.9846153846153847 28
1716843322072 0.9714285714285714 29
1716843322126 0.9846153846153847 30
1716843322180 0.9868131868131869 31
1716843322233 0.9956043956043956 32
1716843322287 0.9912087912087912 33
1716843322341 0.9802197802197802 34
1716843322395 0.9824175824175824 35
1716843322448 0.978021978021978 36
1716843322503 0.989010989010989 37
1716843322557 0.9714285714285714 38
1716843322611 0.9736263736263736 39
1716843322664 0.9824175824175824 40
1716843322717 0.967032967032967 41
1716843322772 0.9846153846153847 42
1716843322825 0.989010989010989 43
1716843322879 0.9868131868131869 44
1716843322933 0.9912087912087912 45
1716843322987 0.9692307692307692 46
1716843323041 0.9846153846153847 47
1716843323094 0.9802197802197802 48
1716843323148 0.9824175824175824 49
1716843323202 0.9824175824175824 50
1716843323255 0.9846153846153847 51
1716843323310 0.9912087912087912 52
1716843323364 0.9912087912087912 53
1716843323418 0.989010989010989 54
1716843323473 1.0 55
1716843323526 0.9934065934065934 56
1716843323581 0.9736263736263736 57
1716843323635 0.9956043956043956 58
1716843323690 0.9934065934065934 59
1716843323744 0.9912087912087912 60
1716843323797 0.9736263736263736 61
1716843323851 0.978021978021978 62
1716843323905 0.9868131868131869 63
1716843323958 0.989010989010989 64
1716843324012 0.9934065934065934 65
1716843324065 0.989010989010989 66
1716843324119 0.9802197802197802 67
1716843324173 0.989010989010989 68
1716843324228 0.989010989010989 69
1716843324281 0.9824175824175824 70
1716843324335 0.9934065934065934 71
1716843324401 0.9824175824175824 72
1716843324455 0.9912087912087912 73
1716843324508 0.9934065934065934 74
1716843324563 0.9868131868131869 75
1716843324617 0.9978021978021978 76
1716843324672 0.9978021978021978 77
1716843324728 0.9956043956043956 78
1716843324781 0.9934065934065934 79
1716843324836 0.9956043956043956 80
1716843324891 0.9912087912087912 81
1716843324944 0.9824175824175824 82
1716843324998 0.9956043956043956 83
1716843325051 0.9824175824175824 84
1716843325106 0.978021978021978 85
1716843325160 0.978021978021978 86
1716843325217 0.9912087912087912 87
1716843325271 0.9956043956043956 88
1716843325325 0.9934065934065934 89
1716843325378 0.9978021978021978 90
1716843325431 0.9912087912087912 91
1716843325486 0.9824175824175824 92
1716843325540 0.9824175824175824 93
1716843325593 0.9912087912087912 94
1716843325647 0.9978021978021978 95
1716843325700 0.9956043956043956 96
1716843325753 0.989010989010989 97
1716843325807 0.9868131868131869 98
1716843325862 0.989010989010989 99
1716843325916 0.9956043956043956 100
