1716843320538 0.9285714285714286 1
1716843320593 0.9587628865979382 2
1716843320647 0.9553264604810997 3
1716843320700 0.9719298245614035 4
1716843320756 0.9653979238754326 5
1716843320809 0.972318339100346 6
1716843320865 0.9893992932862191 7
1716843320918 0.9792387543252595 8
1716843320973 0.9745454545454545 9
1716843321025 0.9793103448275862 10
1716843321080 0.9758620689655172 11
1716843321132 0.972318339100346 12
1716843321186 0.9893992932862191 13
1716843321240 0.9661016949152542 14
1716843321295 0.9590443686006825 15
1716843321349 0.968421052631579 16
1716843321403 0.9689655172413794 17
1716843321457 0.9860627177700348 18
1716843321510 0.9791666666666666 19
1716843321564 0.986159169550173 20
1716843321618 0.9824561403508771 21
1716843321671 0.9757785467128027 22
1716843321725 0.9726962457337884 23
1716843321778 0.9929577464788732 24
1716843321836 0.9656357388316151 25
1716843321895 0.9725085910652921 26
1716843321964 0.9964912280701754 27
1716843322019 0.9860627177700348 28
1716843322073 0.9627118644067797 29
1716843322126 0.9860627177700348 30
1716843322180 0.9861111111111112 31
1716843322234 0.9930555555555556 32
1716843322288 0.9895833333333334 33
1716843322341 0.9928825622775801 34
1716843322395 0.986013986013986 35
1716843322449 0.9825174825174825 36
1716843322503 0.9929824561403509 37
1716843322558 0.9658703071672355 38
1716843322612 0.9790209790209791 39
1716843322665 0.9894366197183099 40
1716843322718 0.9787985865724381 41
1716843322772 0.979381443298969 42
1716843322826 0.9929824561403509 43
1716843322879 0.9794520547945206 44
1716843322934 0.993006993006993 45
1716843322988 0.9927536231884058 46
1716843323042 0.9826989619377162 47
1716843323095 0.9792387543252595 48
1716843323149 0.976027397260274 49
1716843323202 0.9826388888888888 50
1716843323256 0.9894736842105263 51
1716843323311 0.9895833333333334 52
1716843323365 0.9895833333333334 53
1716843323418 0.9895470383275261 54
1716843323473 1.0 55
1716843323527 0.9930313588850174 56
1716843323582 0.9823943661971831 57
1716843323636 0.9965034965034965 58
1716843323691 0.9964912280701754 59
1716843323744 0.993006993006993 60
1716843323798 0.9659863945578231 61
1716843323851 0.9791666666666666 62
1716843323905 0.9861111111111112 63
1716843323958 0.9895470383275261 64
1716843324012 0.9930313588850174 65
1716843324066 0.9895470383275261 66
1716843324120 0.9928825622775801 67
1716843324174 0.986159169550173 68
1716843324228 0.9895470383275261 69
1716843324281 0.986013986013986 70
1716843324335 0.9964912280701754 71
1716843324401 0.986013986013986 72
1716843324455 0.9964788732394366 73
1716843324508 0.9930313588850174 74
1716843324563 0.9929577464788732 75
1716843324617 0.9965156794425087 76
1716843324673 0.9965156794425087 77
1716843324728 1.0 78
1716843324782 0.9930313588850174 79
1716843324837 0.9965034965034965 80
1716843324891 0.9895833333333334 81
1716843324944 0.9964285714285714 82
1716843324999 0.9965034965034965 83
1716843325052 0.9793103448275862 84
1716843325107 0.9825174825174825 85
1716843325161 0.9859154929577465 86
1716843325217 0.9895833333333334 87
1716843325272 0.9965034965034965 88
1716843325326 0.9896193771626297 89
1716843325378 1.0 90
1716843325432 0.993006993006993 91
1716843325486 0.9894366197183099 92
1716843325541 0.986013986013986 93
1716843325593 0.9895833333333334 94
1716843325647 0.9965156794425087 95
1716843325701 0.9965034965034965 96
1716843325754 0.9929824561403509 97
1716843325808 0.9964539007092199 98
1716843325863 0.9929824561403509 99
1716843325917 0.9965034965034965 100
