1716843320538 0.9090909090909091 1
1716843320593 0.9755244755244755 2
1716843320648 0.972027972027972 3
1716843320701 0.9685314685314685 4
1716843320757 0.9755244755244755 5
1716843320810 0.9825174825174825 6
1716843320865 0.9790209790209791 7
1716843320919 0.9895104895104895 8
1716843320973 0.9370629370629371 9
1716843321026 0.993006993006993 10
1716843321080 0.9895104895104895 11
1716843321133 0.9825174825174825 12
1716843321186 0.9790209790209791 13
1716843321241 0.9965034965034965 14
1716843321296 0.9825174825174825 15
1716843321350 0.965034965034965 16
1716843321404 0.9825174825174825 17
1716843321457 0.9895104895104895 18
1716843321511 0.986013986013986 19
1716843321565 0.9965034965034965 20
1716843321619 0.9790209790209791 21
1716843321672 0.986013986013986 22
1716843321725 0.9965034965034965 23
1716843321779 0.986013986013986 24
1716843321836 0.9825174825174825 25
1716843321896 0.9895104895104895 26
1716843321965 0.993006993006993 27
1716843322019 0.9895104895104895 28
1716843322074 0.993006993006993 29
1716843322127 0.9895104895104895 30
1716843322181 0.993006993006993 31
1716843322235 1.0 32
1716843322289 0.9965034965034965 33
1716843322342 0.9755244755244755 34
1716843322396 0.986013986013986 35
1716843322450 0.9825174825174825 36
1716843322504 0.9895104895104895 37
1716843322558 0.9895104895104895 38
1716843322612 0.9790209790209791 39
1716843322666 0.9825174825174825 40
1716843322719 0.9685314685314685 41
1716843322773 0.9965034965034965 42
1716843322826 0.9895104895104895 43
1716843322880 1.0 44
1716843322935 0.993006993006993 45
1716843322988 0.958041958041958 46
1716843323043 0.993006993006993 47
1716843323096 0.9895104895104895 48
1716843323149 0.9965034965034965 49
1716843323203 0.9895104895104895 50
1716843323257 0.986013986013986 51
1716843323311 0.9965034965034965 52
1716843323366 0.9965034965034965 53
1716843323419 0.993006993006993 54
1716843323474 1.0 55
1716843323528 0.9965034965034965 56
1716843323583 0.9755244755244755 57
1716843323636 0.9965034965034965 58
1716843323691 0.993006993006993 59
1716843323745 0.993006993006993 60
1716843323799 0.993006993006993 61
1716843323852 0.986013986013986 62
1716843323906 0.993006993006993 63
1716843323959 0.993006993006993 64
1716843324013 0.9965034965034965 65
1716843324067 0.993006993006993 66
1716843324120 0.9755244755244755 67
1716843324175 0.9965034965034965 68
1716843324229 0.993006993006993 69
1716843324282 0.986013986013986 70
1716843324336 0.993006993006993 71
1716843324402 0.986013986013986 72
1716843324456 0.9895104895104895 73
1716843324509 0.9965034965034965 74
1716843324564 0.986013986013986 75
1716843324618 1.0 76
1716843324673 1.0 77
1716843324729 0.993006993006993 78
1716843324783 0.9965034965034965 79
1716843324837 0.9965034965034965 80
1716843324892 0.9965034965034965 81
1716843324945 0.9755244755244755 82
1716843324999 0.9965034965034965 83
1716843325052 0.993006993006993 84
1716843325107 0.9825174825174825 85
1716843325162 0.9790209790209791 86
1716843325218 0.9965034965034965 87
1716843325273 0.9965034965034965 88
1716843325327 1.0 89
1716843325379 0.9965034965034965 90
1716843325433 0.993006993006993 91
1716843325487 0.9825174825174825 92
1716843325541 0.986013986013986 93
1716843325594 0.9965034965034965 94
1716843325648 1.0 95
1716843325702 0.9965034965034965 96
1716843325754 0.9895104895104895 97
1716843325808 0.9825174825174825 98
1716843325863 0.9895104895104895 99
1716843325918 0.9965034965034965 100
