1716843320536 0.26952784856160483 1
1716843320591 0.10629168301820754 2
1716843320646 0.11689483920733133 3
1716843320699 0.14464701836307844 4
1716843320755 0.11763329741855462 5
1716843320807 0.09006224945187569 6
1716843320863 0.05302544782559077 7
1716843320917 0.12532968120649457 8
1716843320971 0.1281776993225018 9
1716843321024 0.06490114716192087 10
1716843321078 0.06672454619159301 11
1716843321131 0.056982415914535525 12
1716843321184 0.06500217197462917 13
1716843321239 0.18218756131827832 14
1716843321293 0.18313502706587315 15
1716843321347 0.16496283064285913 16
1716843321401 0.080791504184405 17
1716843321455 0.05378942576547464 18
1716843321509 0.06476091798394919 19
1716843321563 0.032121600086490315 20
1716843321617 0.053553892734150094 21
1716843321670 0.07054724851623177 22
1716843321723 0.05281677056724827 23
1716843321777 0.1501213557397326 24
1716843321834 0.10403260005017122 25
1716843321893 0.07061702664941549 26
1716843321963 0.029619337835659582 27
1716843322017 0.06826654017592469 28
1716843322071 0.0771795166656375 29
1716843322125 0.040457050781697035 30
1716843322179 0.036371615001310906 31
1716843322232 0.02605923196921746 32
1716843322286 0.03178865782295664 33
1716843322340 0.04496825388632715 34
1716843322394 0.03996474244631827 35
1716843322448 0.054729619932671385 36
1716843322502 0.133645296903948 37
1716843322556 0.08786908928304911 38
1716843322610 0.05753505347917477 39
1716843322663 0.03812168324366212 40
1716843322716 0.08047941417122881 41
1716843322770 0.03551530331994097 42
1716843322824 0.04417887586168945 43
1716843322878 0.05225734592725833 44
1716843322932 0.06947093781394263 45
1716843322986 0.11260246311624846 46
1716843323040 0.05598001061007381 47
1716843323093 0.12006876030936837 48
1716843323147 0.05020355544984341 49
1716843323201 0.05205033142119646 50
1716843323254 0.03601603678738077 51
1716843323309 0.02568942215293646 52
1716843323363 0.03786372703810533 53
1716843323417 0.03017097062741717 54
1716843323472 0.007476383882264296 55
1716843323525 0.025522038876079022 56
1716843323580 0.051112995793422066 57
1716843323634 0.013240272384913017 58
1716843323689 0.0166476319078356 59
1716843323743 0.06649427735246718 60
1716843323797 0.09240733130524556 61
1716843323850 0.05834432228778799 62
1716843323904 0.04089353904128075 63
1716843323957 0.021274073189124464 64
1716843324011 0.034251552727073434 65
1716843324064 0.07462533707730472 66
1716843324118 0.06454345559080442 67
1716843324172 0.03173371528585752 68
1716843324227 0.06076013118339082 69
1716843324280 0.041629160707816484 70
1716843324334 0.01897917800912789 71
1716843324400 0.039599247315588094 72
1716843324454 0.023049615711594622 73
1716843324507 0.04188774457822243 74
1716843324562 0.026728515575329462 75
1716843324616 0.006772265032244225 76
1716843324671 0.01370081740897149 77
1716843324727 0.010910188261186704 78
1716843324781 0.007882303400159192 79
1716843324835 0.008625770057551562 80
1716843324890 0.11009396311516563 81
1716843324943 0.07532772968212763 82
1716843324997 0.02430445233670374 83
1716843325050 0.048321328079327944 84
1716843325105 0.08493853155523538 85
1716843325160 0.05263738186719517 86
1716843325216 0.03061528600131472 87
1716843325270 0.02619155468419194 88
1716843325324 0.020608090079622342 89
1716843325377 0.006962681707227603 90
1716843325431 0.06418925495818258 91
1716843325485 0.0779697623103857 92
1716843325539 0.046686050357917945 93
1716843325592 0.028507406574984392 94
1716843325646 0.019859568386649092 95
1716843325699 0.014713287151729067 96
1716843325752 0.041262343395889425 97
1716843325806 0.05338532211802279 98
1716843325861 0.021790775819681585 99
1716843325915 0.017670438463877267 100
