1716648175685 0.8944723618090452 1
1716648175733 0.957286432160804 2
1716648175781 0.9547738693467337 3
1716648175827 0.9673366834170855 4
1716648175874 0.9396984924623115 5
1716648175922 0.9773869346733668 6
1716648175968 0.9673366834170855 7
1716648176014 0.9723618090452262 8
1716648176060 0.9321608040201005 9
1716648176108 0.9673366834170855 10
1716648176156 0.9824120603015075 11
1716648176203 0.9698492462311558 12
1716648176250 0.9597989949748744 13
1716648176296 0.9798994974874372 14
1716648176343 0.9748743718592965 15
1716648176390 0.9673366834170855 16
1716648176439 0.9849246231155779 17
1716648176485 0.9824120603015075 18
1716648176532 0.9849246231155779 19
1716648176579 0.9849246231155779 20
