1716648175684 0.31862404025517976 1
1716648175732 0.17263805407744187 2
1716648175780 0.1417072484126458 3
1716648175827 0.09940316957923082 4
1716648175873 0.1374786109305345 5
1716648175921 0.07534319119384655 6
1716648175967 0.1239231602790264 7
1716648176013 0.1252048064309817 8
1716648176060 0.16197280628749958 9
1716648176107 0.08696599970929898 10
1716648176155 0.04450336406723811 11
1716648176202 0.0970167198863167 12
1716648176249 0.10179983330174135 13
1716648176295 0.05998010353113596 14
1716648176342 0.05781884810242515 15
1716648176390 0.09123980028268236 16
1716648176438 0.04333837695706349 17
1716648176484 0.0652987277135253 18
1716648176532 0.054066432998157464 19
1716648176578 0.05346338540458909 20
