1716652578819 0.8995983935742972 1
1716652578878 0.9799196787148594 2
1716652578936 0.963855421686747 3
1716652578992 0.9759036144578314 4
1716652579049 0.9799196787148594 5
1716652579105 0.9879518072289156 6
1716652579162 0.9879518072289156 7
1716652579219 0.9919678714859438 8
1716652579276 0.9718875502008032 9
1716652579332 0.9919678714859438 10
1716652579392 0.9839357429718876 11
1716652579448 0.9759036144578314 12
1716652579506 0.9718875502008032 13
1716652579561 0.9839357429718876 14
1716652579618 0.9919678714859438 15
1716652579675 0.9919678714859438 16
1716652579732 0.9839357429718876 17
1716652579788 1.0 18
1716652579844 0.9919678714859438 19
1716652579902 0.9959839357429718 20
