1716652578818 0.9180327868852459 1
1716652578877 0.9606299212598425 2
1716652578936 0.9523809523809523 3
1716652578991 0.9455252918287937 4
1716652579048 0.9799196787148594 5
1716652579104 0.9609375 6
1716652579161 0.9723320158102767 7
1716652579219 0.9724409448818898 8
1716652579275 0.979757085020243 9
1716652579331 0.9536679536679536 10
1716652579391 0.9722222222222222 11
1716652579447 0.9681274900398407 12
1716652579505 0.979757085020243 13
1716652579561 0.9722222222222222 14
1716652579617 0.9686274509803922 15
1716652579674 0.9840637450199203 16
1716652579731 0.9839357429718876 17
1716652579788 0.9880952380952381 18
1716652579844 0.988 19
1716652579901 0.9959839357429718 20
