1716652578818 0.8869346733668342 1
1716652578876 0.9623115577889447 2
1716652578935 0.9472361809045227 3
1716652578990 0.949748743718593 4
1716652579047 0.9748743718592965 5
1716652579104 0.9673366834170855 6
1716652579161 0.9748743718592965 7
1716652579218 0.9773869346733668 8
1716652579274 0.9698492462311558 9
1716652579330 0.964824120603015 10
1716652579390 0.9723618090452262 11
1716652579447 0.964824120603015 12
1716652579504 0.9698492462311558 13
1716652579560 0.9723618090452262 14
1716652579617 0.9748743718592965 15
1716652579673 0.9849246231155779 16
1716652579730 0.9798994974874372 17
1716652579787 0.992462311557789 18
1716652579843 0.9874371859296482 19
1716652579901 0.9949748743718593 20
