1716652578816 0.29999764492878545 1
1716652578875 0.12471431723007789 2
1716652578934 0.11805805879143569 3
1716652578989 0.1192275219811843 4
1716652579046 0.07166251074522734 5
1716652579103 0.09566221128289516 6
1716652579160 0.07375624582458001 7
1716652579217 0.0698910326911853 8
1716652579273 0.10889019107875916 9
1716652579329 0.14672556146979332 10
1716652579389 0.07934358952423701 11
1716652579446 0.15622034912499097 12
1716652579503 0.09440374446029846 13
1716652579559 0.11606914048584607 14
1716652579616 0.08090907836762759 15
1716652579672 0.05576069864372794 16
1716652579729 0.04286227844512233 17
1716652579786 0.020735610634661637 18
1716652579842 0.038942252876810156 19
1716652579900 0.023647353805315036 20
