1716649810707 0.8793969849246231 1
1716649810759 0.9422110552763819 2
1716649810811 0.9522613065326633 3
1716649810862 0.914572864321608 4
1716649810913 0.949748743718593 5
1716649810965 0.9773869346733668 6
1716649811015 0.9773869346733668 7
1716649811066 0.9748743718592965 8
1716649811117 0.9698492462311558 9
1716649811168 0.9773869346733668 10
1716649811222 0.9849246231155779 11
1716649811272 0.9773869346733668 12
1716649811328 0.9597989949748744 13
1716649811381 0.9698492462311558 14
1716649811431 0.9773869346733668 15
1716649811483 0.9748743718592965 16
1716649811534 0.964824120603015 17
1716649811586 0.9773869346733668 18
1716649811637 0.9824120603015075 19
1716649811684 0.9899497487437185 20
1716649811736 0.9824120603015075 21
1716649811786 0.9798994974874372 22
1716649811837 0.9773869346733668 23
1716649811900 0.9949748743718593 24
1716649811950 0.9673366834170855 25
1716649812001 0.9849246231155779 26
1716649812050 0.9849246231155779 27
1716649812101 0.9874371859296482 28
1716649812152 0.9899497487437185 29
1716649812201 0.9849246231155779 30
1716649812252 0.9748743718592965 31
1716649812302 0.9723618090452262 32
1716649812352 0.9849246231155779 33
1716649812402 0.9899497487437185 34
1716649812454 0.9974874371859297 35
1716649812503 0.9899497487437185 36
1716649812554 0.9974874371859297 37
1716649812607 0.9874371859296482 38
1716649812656 0.992462311557789 39
1716649812707 0.9974874371859297 40
1716649812758 0.9974874371859297 41
1716649812808 0.9773869346733668 42
1716649812858 0.9949748743718593 43
1716649812909 0.9874371859296482 44
1716649812960 0.992462311557789 45
1716649813009 0.9899497487437185 46
1716649813061 0.9723618090452262 47
1716649813111 0.9798994974874372 48
1716649813160 0.9824120603015075 49
1716649813209 0.9723618090452262 50
1716649813259 0.9949748743718593 51
1716649813309 0.9874371859296482 52
1716649813360 0.992462311557789 53
1716649813410 0.9773869346733668 54
1716649813460 0.992462311557789 55
1716649813510 0.9949748743718593 56
1716649813560 0.9974874371859297 57
1716649813610 0.9698492462311558 58
1716649813660 0.9974874371859297 59
1716649813710 0.9899497487437185 60
1716649813758 0.9824120603015075 61
1716649813808 0.9974874371859297 62
1716649813858 0.992462311557789 63
1716649813907 0.9874371859296482 64
1716649813957 0.992462311557789 65
1716649814007 0.992462311557789 66
1716649814057 0.992462311557789 67
1716649814111 0.9899497487437185 68
1716649814161 0.9949748743718593 69
1716649814210 0.9899497487437185 70
1716649814260 0.9974874371859297 71
1716649814310 0.9974874371859297 72
1716649814360 0.9949748743718593 73
1716649814410 0.992462311557789 74
1716649814461 1.0 75
1716649814512 1.0 76
1716649814562 0.9849246231155779 77
1716649814611 0.9899497487437185 78
1716649814661 0.9949748743718593 79
1716649814712 0.9974874371859297 80
1716649814761 0.9949748743718593 81
1716649814811 0.9874371859296482 82
1716649814860 0.9949748743718593 83
1716649814910 0.9949748743718593 84
1716649814960 0.9899497487437185 85
1716649815010 0.9899497487437185 86
1716649815060 0.992462311557789 87
1716649815110 1.0 88
1716649815159 1.0 89
1716649815209 0.992462311557789 90
1716649815259 0.9974874371859297 91
1716649815310 1.0 92
1716649815360 1.0 93
1716649815409 1.0 94
1716649815459 1.0 95
1716649815510 1.0 96
1716649815560 1.0 97
1716649815610 1.0 98
1716649815658 1.0 99
1716649815711 0.9949748743718593 100
