1716649810707 0.9036144578313253 1
1716649810760 0.9708333333333333 2
1716649810812 0.952755905511811 3
1716649810863 0.9182879377431906 4
1716649810914 0.9711934156378601 5
1716649810965 0.9761904761904762 6
1716649811016 0.96875 7
1716649811067 0.9799196787148594 8
1716649811118 0.9721115537848606 9
1716649811169 0.9724409448818898 10
1716649811223 0.9879518072289156 11
1716649811273 0.9838709677419355 12
1716649811328 0.9498069498069498 13
1716649811381 0.9759036144578314 14
1716649811431 0.9761904761904762 15
1716649811483 0.9723320158102767 16
1716649811535 0.9644268774703557 17
1716649811586 0.98 18
1716649811638 0.9801587301587301 19
1716649811685 0.9880478087649402 20
1716649811737 0.991869918699187 21
1716649811787 0.9725490196078431 22
1716649811837 0.98 23
1716649811901 0.9920318725099602 24
1716649811951 0.972 25
1716649812002 0.9879518072289156 26
1716649812051 0.9879518072289156 27
1716649812102 0.988 28
1716649812152 0.9959514170040485 29
1716649812202 0.9840637450199203 30
1716649812253 0.9799196787148594 31
1716649812303 0.9917355371900827 32
1716649812353 0.9879518072289156 33
1716649812403 0.9841897233201581 34
1716649812454 1.0 35
1716649812504 0.9880478087649402 36
1716649812554 1.0 37
1716649812607 0.9919354838709677 38
1716649812657 0.992 39
1716649812708 0.996 40
1716649812758 1.0 41
1716649812809 0.9761904761904762 42
1716649812859 0.9959839357429718 43
1716649812909 0.988 44
1716649812960 0.9959677419354839 45
1716649813010 0.9880478087649402 46
1716649813061 0.9958333333333333 47
1716649813111 0.9725490196078431 48
1716649813161 0.9959016393442623 49
1716649813210 0.9612403100775194 50
1716649813259 0.9959839357429718 51
1716649813310 0.988 52
1716649813360 0.992 53
1716649813410 0.9878048780487805 54
1716649813461 0.9959677419354839 55
1716649813511 0.9920318725099602 56
1716649813561 1.0 57
1716649813610 0.9647058823529412 58
1716649813660 0.996 59
1716649813710 0.9919678714859438 60
1716649813759 0.984 61
1716649813808 0.996 62
1716649813858 0.9959677419354839 63
1716649813908 0.9959349593495935 64
1716649813957 0.9880952380952381 65
1716649814007 0.992 66
1716649814058 0.992 67
1716649814111 0.9919678714859438 68
1716649814161 0.9959839357429718 69
1716649814211 0.9919678714859438 70
1716649814260 0.996 71
1716649814311 1.0 72
1716649814361 1.0 73
1716649814411 0.992 74
1716649814462 1.0 75
1716649814512 1.0 76
1716649814562 0.9879518072289156 77
1716649814612 0.9919678714859438 78
1716649814662 0.9959839357429718 79
1716649814712 1.0 80
1716649814762 0.9959839357429718 81
1716649814811 0.9959349593495935 82
1716649814861 0.9920318725099602 83
1716649814910 0.9920318725099602 84
1716649814961 0.9959514170040485 85
1716649815011 0.9919678714859438 86
1716649815060 0.9880952380952381 87
1716649815111 1.0 88
1716649815160 1.0 89
1716649815210 0.992 90
1716649815260 1.0 91
1716649815310 1.0 92
1716649815361 1.0 93
1716649815410 1.0 94
1716649815459 1.0 95
1716649815510 1.0 96
1716649815560 1.0 97
1716649815610 1.0 98
1716649815659 1.0 99
1716649815711 0.9959839357429718 100
