1716649810708 0.9036144578313253 1
1716649810760 0.9357429718875502 2
1716649810812 0.9718875502008032 3
1716649810863 0.9477911646586346 4
1716649810914 0.9477911646586346 5
1716649810966 0.9879518072289156 6
1716649811016 0.9959839357429718 7
1716649811068 0.9799196787148594 8
1716649811118 0.9799196787148594 9
1716649811170 0.9919678714859438 10
1716649811224 0.9879518072289156 11
1716649811274 0.9799196787148594 12
1716649811329 0.9879518072289156 13
1716649811382 0.9759036144578314 14
1716649811432 0.9879518072289156 15
1716649811484 0.9879518072289156 16
1716649811536 0.9799196787148594 17
1716649811587 0.9839357429718876 18
1716649811638 0.9919678714859438 19
1716649811686 0.9959839357429718 20
1716649811737 0.9799196787148594 21
1716649811788 0.9959839357429718 22
1716649811838 0.9839357429718876 23
1716649811902 1.0 24
1716649811952 0.9759036144578314 25
1716649812002 0.9879518072289156 26
1716649812052 0.9879518072289156 27
1716649812103 0.9919678714859438 28
1716649812153 0.9879518072289156 29
1716649812203 0.9919678714859438 30
1716649812253 0.9799196787148594 31
1716649812304 0.963855421686747 32
1716649812354 0.9879518072289156 33
1716649812404 1.0 34
1716649812455 0.9959839357429718 35
1716649812505 0.9959839357429718 36
1716649812555 0.9959839357429718 37
1716649812608 0.9879518072289156 38
1716649812658 0.9959839357429718 39
1716649812709 1.0 40
1716649812759 0.9959839357429718 41
1716649812809 0.9879518072289156 42
1716649812859 0.9959839357429718 43
1716649812910 0.9919678714859438 44
1716649812961 0.9919678714859438 45
1716649813011 0.9959839357429718 46
1716649813062 0.9598393574297188 47
1716649813112 0.9959839357429718 48
1716649813162 0.9759036144578314 49
1716649813211 0.9959839357429718 50
1716649813260 0.9959839357429718 51
1716649813310 0.9919678714859438 52
1716649813361 0.9959839357429718 53
1716649813411 0.9759036144578314 54
1716649813462 0.9919678714859438 55
1716649813512 1.0 56
1716649813561 0.9959839357429718 57
1716649813611 0.9879518072289156 58
1716649813661 1.0 59
1716649813711 0.9919678714859438 60
1716649813759 0.9879518072289156 61
1716649813809 1.0 62
1716649813859 0.9919678714859438 63
1716649813909 0.9839357429718876 64
1716649813958 1.0 65
1716649814008 0.9959839357429718 66
1716649814060 0.9959839357429718 67
1716649814112 0.9919678714859438 68
1716649814162 0.9959839357429718 69
1716649814212 0.9919678714859438 70
1716649814261 1.0 71
1716649814311 0.9959839357429718 72
1716649814362 0.9919678714859438 73
1716649814411 0.9959839357429718 74
1716649814463 1.0 75
1716649814513 1.0 76
1716649814563 0.9879518072289156 77
1716649814612 0.9919678714859438 78
1716649814662 0.9959839357429718 79
1716649814713 0.9959839357429718 80
1716649814763 0.9959839357429718 81
1716649814812 0.9839357429718876 82
1716649814862 1.0 83
1716649814911 1.0 84
1716649814961 0.9879518072289156 85
1716649815012 0.9919678714859438 86
1716649815061 1.0 87
1716649815111 1.0 88
1716649815161 1.0 89
1716649815210 0.9959839357429718 90
1716649815261 0.9959839357429718 91
1716649815311 1.0 92
1716649815361 1.0 93
1716649815411 1.0 94
1716649815460 1.0 95
1716649815511 1.0 96
1716649815561 1.0 97
1716649815611 1.0 98
1716649815659 1.0 99
1716649815712 0.9959839357429718 100
