1716649810705 0.3210755024964993 1
1716649810758 0.17124654811162215 2
1716649810810 0.14112114848998877 3
1716649810861 0.18323841117895567 4
1716649810912 0.1219793652685789 5
1716649810964 0.07545820551996048 6
1716649811014 0.07651277925246038 7
1716649811065 0.07246804606312743 8
1716649811116 0.10636530329401676 9
1716649811167 0.09008340422923748 10
1716649811222 0.058724394283042505 11
1716649811272 0.09207309044610995 12
1716649811327 0.09063720878643486 13
1716649811380 0.11659673357812259 14
1716649811430 0.06016484655153293 15
1716649811482 0.07716461099111117 16
1716649811534 0.09332172894993654 17
1716649811585 0.08396165266346473 18
1716649811636 0.052476209659989066 19
1716649811684 0.03658064798666881 20
1716649811735 0.057430304013765775 21
1716649811785 0.061905311026538797 22
1716649811836 0.0654023324067776 23
1716649811900 0.01675739296926902 24
1716649811949 0.08776612569076511 25
1716649812000 0.05493126179163273 26
1716649812049 0.03900182687749083 27
1716649812101 0.04103040458777776 28
1716649812151 0.031077852024911687 29
1716649812201 0.04768071719445288 30
1716649812251 0.06372508807824208 31
1716649812302 0.05043296496240565 32
1716649812352 0.048547566653444216 33
1716649812402 0.032589626838811316 34
1716649812453 0.011227384764844408 35
1716649812502 0.028888901892619636 36
1716649812553 0.013066869506684061 37
1716649812606 0.04018971681720219 38
1716649812656 0.022683837455518257 39
1716649812707 0.009973702146313511 40
1716649812757 0.013473383809189098 41
1716649812807 0.06206652498804033 42
1716649812857 0.018149243882642344 43
1716649812908 0.023515051275563355 44
1716649812959 0.01254844046735133 45
1716649813008 0.08250463373350123 46
1716649813060 0.13748387884921753 47
1716649813110 0.06810262655982605 48
1716649813159 0.05453376661842832 49
1716649813208 0.07816976201362334 50
1716649813258 0.019261567226539437 51
1716649813308 0.040204278873996094 52
1716649813359 0.04186437741065255 53
1716649813409 0.0584328942753088 54
1716649813459 0.01899135848865486 55
1716649813510 0.020792452743850075 56
1716649813559 0.012180472715184666 57
1716649813609 0.06178853469184385 58
1716649813659 0.021005842727250777 59
1716649813709 0.024293072754517198 60
1716649813757 0.050369442136098556 61
1716649813807 0.015521515501089968 62
1716649813857 0.027329671250369687 63
1716649813907 0.038263166193456315 64
1716649813956 0.026358041777991906 65
1716649814006 0.012509948605349144 66
1716649814056 0.013995256355533807 67
1716649814110 0.026756132809588544 68
1716649814160 0.021727031217708897 69
1716649814209 0.022400796426854167 70
1716649814259 0.014624586857210558 71
1716649814309 0.00675555765001963 72
1716649814359 0.01780230900308547 73
1716649814409 0.015248450558059491 74
1716649814461 0.002001256923764371 75
1716649814511 0.0034062843187712133 76
1716649814561 0.028951535428999566 77
1716649814610 0.02889937025387413 78
1716649814660 0.015217519000333805 79
1716649814711 0.00913920982230383 80
1716649814761 0.008435946649674756 81
1716649814810 0.04112234491801176 82
1716649814859 0.02892514728815653 83
1716649814909 0.013779123922666678 84
1716649814959 0.02155018144269259 85
1716649815010 0.05317978724801483 86
1716649815059 0.027106169933596484 87
1716649815109 0.0054200453943429655 88
1716649815159 0.0036062197569453227 89
1716649815208 0.01965371017509964 90
1716649815259 0.017559373066223297 91
1716649815309 0.003005260262468185 92
1716649815359 0.0032377764034138704 93
1716649815408 0.002372950481143422 94
1716649815458 0.003986939949055131 95
1716649815509 0.0011779916329452624 96
1716649815559 0.0017065032779310758 97
1716649815609 0.0024511957509765546 98
1716649815657 0.001438114427191277 99
1716649815710 0.018717254480669417 100
