1716649865814 0.9057377049180327 1
1716649865866 0.968 2
1716649865918 0.9482071713147411 3
1716649865969 0.94921875 4
1716649866021 0.9558232931726908 5
1716649866072 0.9607843137254902 6
1716649866124 0.9839357429718876 7
1716649866173 0.9391634980988594 8
1716649866226 0.9759036144578314 9
1716649866277 0.9644268774703557 10
1716649866328 0.9721115537848606 11
1716649866378 0.9800796812749004 12
1716649866431 0.9840637450199203 13
1716649866482 0.9879032258064516 14
1716649866532 0.9724409448818898 15
1716649866582 0.9878542510121457 16
1716649866633 0.9799196787148594 17
1716649866685 0.9718875502008032 18
1716649866735 0.9880478087649402 19
1716649866785 0.9841897233201581 20
1716649866837 0.9802371541501976 21
1716649866886 0.9840637450199203 22
1716649866938 0.9647058823529412 23
1716649866988 0.9959839357429718 24
1716649867039 0.9919678714859438 25
1716649867089 0.96875 26
1716649867140 0.9840637450199203 27
1716649867190 0.9839357429718876 28
1716649867240 0.992 29
1716649867291 0.9721115537848606 30
1716649867342 0.988 31
1716649867393 0.9879518072289156 32
1716649867444 0.9763779527559056 33
1716649867495 0.9880952380952381 34
1716649867546 1.0 35
1716649867597 0.9959677419354839 36
1716649867649 0.9880478087649402 37
1716649867700 0.9959839357429718 38
1716649867751 0.9647058823529412 39
1716649867801 0.9958847736625515 40
1716649867852 0.9880952380952381 41
1716649867902 0.9959677419354839 42
1716649867954 0.9762845849802372 43
1716649868006 0.988 44
1716649868056 0.9879032258064516 45
1716649868107 0.9879518072289156 46
1716649868158 0.996 47
1716649868209 1.0 48
1716649868261 1.0 49
1716649868311 0.979757085020243 50
1716649868362 0.9920318725099602 51
1716649868412 0.9959514170040485 52
1716649868463 0.9959677419354839 53
1716649868514 0.9761904761904762 54
1716649868564 0.9919028340080972 55
1716649868616 0.9880478087649402 56
1716649868667 0.9959839357429718 57
1716649868718 0.9959677419354839 58
1716649868768 0.9959839357429718 59
1716649868819 0.9959349593495935 60
1716649868870 0.9801587301587301 61
1716649868921 0.9959183673469387 62
1716649868972 0.9959839357429718 63
1716649869023 0.984 64
1716649869075 1.0 65
1716649869126 0.9880478087649402 66
1716649869177 0.9919678714859438 67
1716649869228 0.9959839357429718 68
1716649869279 0.9880952380952381 69
1716649869331 0.996 70
1716649869382 1.0 71
1716649869432 0.9880478087649402 72
1716649869483 0.9959839357429718 73
1716649869534 0.992 74
1716649869589 0.9878542510121457 75
1716649869640 0.9880952380952381 76
1716649869691 1.0 77
1716649869742 0.9959514170040485 78
1716649869793 0.9644268774703557 79
1716649869844 0.9920318725099602 80
1716649869895 0.984 81
1716649869945 0.9959677419354839 82
1716649869997 0.992 83
1716649870048 0.9879032258064516 84
1716649870099 0.9959839357429718 85
1716649870149 0.9920318725099602 86
1716649870200 1.0 87
1716649870251 1.0 88
1716649870302 1.0 89
1716649870353 1.0 90
1716649870404 1.0 91
1716649870454 0.9959839357429718 92
1716649870506 0.992 93
1716649870556 1.0 94
1716649870607 1.0 95
1716649870659 0.9959677419354839 96
1716649870709 0.9803149606299213 97
1716649870761 0.9919354838709677 98
1716649870813 0.9801587301587301 99
1716649870863 1.0 100
