1716649865815 0.8875502008032129 1
1716649865867 0.9718875502008032 2
1716649865919 0.9558232931726908 3
1716649865970 0.9759036144578314 4
1716649866021 0.9558232931726908 5
1716649866072 0.9839357429718876 6
1716649866125 0.9839357429718876 7
1716649866174 0.9919678714859438 8
1716649866226 0.9759036144578314 9
1716649866277 0.9799196787148594 10
1716649866328 0.9799196787148594 11
1716649866379 0.9879518072289156 12
1716649866431 0.9919678714859438 13
1716649866482 0.9839357429718876 14
1716649866533 0.9919678714859438 15
1716649866583 0.9799196787148594 16
1716649866634 0.9799196787148594 17
1716649866685 0.9718875502008032 18
1716649866736 0.9959839357429718 19
1716649866786 1.0 20
1716649866837 0.9959839357429718 21
1716649866887 0.9919678714859438 22
1716649866938 0.9879518072289156 23
1716649866989 0.9959839357429718 24
1716649867040 0.9919678714859438 25
1716649867090 0.9959839357429718 26
1716649867140 0.9919678714859438 27
1716649867190 0.9839357429718876 28
1716649867241 0.9959839357429718 29
1716649867292 0.9799196787148594 30
1716649867343 0.9919678714859438 31
1716649867393 0.9879518072289156 32
1716649867445 0.9959839357429718 33
1716649867495 1.0 34
1716649867547 1.0 35
1716649867598 0.9919678714859438 36
1716649867649 0.9959839357429718 37
1716649867701 0.9959839357429718 38
1716649867751 0.9879518072289156 39
1716649867802 0.9718875502008032 40
1716649867853 1.0 41
1716649867903 0.9919678714859438 42
1716649867955 0.9919678714859438 43
1716649868006 0.9919678714859438 44
1716649868057 0.9839357429718876 45
1716649868108 0.9879518072289156 46
1716649868159 1.0 47
1716649868210 1.0 48
1716649868261 1.0 49
1716649868312 0.9718875502008032 50
1716649868362 1.0 51
1716649868413 0.9879518072289156 52
1716649868464 0.9919678714859438 53
1716649868514 0.9879518072289156 54
1716649868565 0.9839357429718876 55
1716649868616 0.9959839357429718 56
1716649868668 0.9959839357429718 57
1716649868718 0.9919678714859438 58
1716649868769 0.9959839357429718 59
1716649868820 0.9839357429718876 60
1716649868871 0.9919678714859438 61
1716649868922 0.9799196787148594 62
1716649868973 0.9959839357429718 63
1716649869024 0.9879518072289156 64
1716649869076 0.9919678714859438 65
1716649869127 0.9959839357429718 66
1716649869178 0.9919678714859438 67
1716649869229 0.9959839357429718 68
1716649869280 1.0 69
1716649869331 1.0 70
1716649869383 0.9919678714859438 71
1716649869433 0.9959839357429718 72
1716649869484 0.9959839357429718 73
1716649869535 0.9959839357429718 74
1716649869589 0.9799196787148594 75
1716649869641 1.0 76
1716649869691 0.9919678714859438 77
1716649869742 0.9879518072289156 78
1716649869793 0.9799196787148594 79
1716649869845 1.0 80
1716649869895 0.9879518072289156 81
1716649869946 0.9919678714859438 82
1716649869998 0.9959839357429718 83
1716649870048 0.9839357429718876 84
1716649870100 0.9959839357429718 85
1716649870150 1.0 86
1716649870201 1.0 87
1716649870252 1.0 88
1716649870302 1.0 89
1716649870354 0.9919678714859438 90
1716649870405 1.0 91
1716649870454 0.9959839357429718 92
1716649870507 0.9959839357429718 93
1716649870557 1.0 94
1716649870608 1.0 95
1716649870659 0.9919678714859438 96
1716649870710 1.0 97
1716649870761 0.9879518072289156 98
1716649870813 0.9919678714859438 99
1716649870863 1.0 100
