1716649865812 0.2942969615642841 1
1716649865865 0.1280887983739376 2
1716649865916 0.14987035783437583 3
1716649865968 0.13980921644430894 4
1716649866019 0.1671757589165981 5
1716649866070 0.11033213023956005 6
1716649866123 0.09506628927416526 7
1716649866171 0.1362062658254917 8
1716649866224 0.08589442618764363 9
1716649866275 0.10556863506252949 10
1716649866326 0.09279991098894523 11
1716649866377 0.05243469742484964 12
1716649866429 0.03609847126958462 13
1716649866480 0.041090560933718316 14
1716649866531 0.07127430078645165 15
1716649866581 0.06025465817835469 16
1716649866632 0.07156821376142594 17
1716649866683 0.09804956421542627 18
1716649866734 0.04314464065604485 19
1716649866784 0.04058661763198101 20
1716649866835 0.03995509434921237 21
1716649866885 0.054448643179896936 22
1716649866936 0.06552041356021968 23
1716649866987 0.02475292797988424 24
1716649867037 0.035240701417653605 25
1716649867087 0.0813867191855724 26
1716649867138 0.0944982051777725 27
1716649867188 0.05599976363233649 28
1716649867239 0.03402696463924188 29
1716649867290 0.07660639680062349 30
1716649867341 0.051359097544963546 31
1716649867391 0.06998726066488486 32
1716649867443 0.0491486145899846 33
1716649867493 0.02475775543671961 34
1716649867545 0.00854081147386191 35
1716649867596 0.03687844074402864 36
1716649867647 0.03385591295619424 37
1716649867698 0.01329632570895438 38
1716649867749 0.12241508213516611 39
1716649867800 0.06187015123522052 40
1716649867850 0.030770541347849827 41
1716649867901 0.035950410788735516 42
1716649867953 0.06445433697305046 43
1716649868004 0.05301270884676622 44
1716649868055 0.044748958468867034 45
1716649868106 0.033419987437530205 46
1716649868156 0.020495231326024693 47
1716649868208 0.007891235470127028 48
1716649868259 0.0040161142018265445 49
1716649868310 0.10371676359612209 50
1716649868360 0.019941069687215183 51
1716649868411 0.03393585523232245 52
1716649868462 0.02084196527273609 53
1716649868512 0.05970126910744092 54
1716649868563 0.057606524178901546 55
1716649868614 0.021356197682997353 56
1716649868666 0.01630225553750419 57
1716649868716 0.029453809910382215 58
1716649868767 0.014919004080673823 59
1716649868818 0.0341068348274208 60
1716649868868 0.08575122980759121 61
1716649868920 0.041974497959017754 62
1716649868971 0.035221964452200785 63
1716649869022 0.09728827307788798 64
1716649869074 0.0226356321050284 65
1716649869124 0.01779872540814372 66
1716649869175 0.018811214339131348 67
1716649869227 0.036931278954188414 68
1716649869278 0.040613787803942196 69
1716649869329 0.015404040799834408 70
1716649869380 0.017266273494057644 71
1716649869431 0.017826332195769422 72
1716649869482 0.016982922823025055 73
1716649869533 0.02424976564809465 74
1716649869587 0.04873538096077167 75
1716649869639 0.06296961210094966 76
1716649869689 0.025538702889417227 77
1716649869740 0.0356278040786632 78
1716649869791 0.0926014154504698 79
1716649869842 0.01606738013931765 80
1716649869893 0.03993185987481131 81
1716649869944 0.014657541608008055 82
1716649869996 0.013012406908763716 83
1716649870046 0.05919366749899032 84
1716649870098 0.011533735785633326 85
1716649870148 0.02392591849470941 86
1716649870199 0.003631558717013552 87
1716649870250 0.004310675193734754 88
1716649870300 0.0072455353399093906 89
1716649870352 0.0124130205613955 90
1716649870403 0.006166887310638021 91
1716649870452 0.039132503438920066 92
1716649870504 0.016836864560341034 93
1716649870555 0.0038983729632141497 94
1716649870606 0.004184614844584407 95
1716649870657 0.031038545295954324 96
1716649870708 0.045673277748462096 97
1716649870759 0.04305108843030981 98
1716649870811 0.037781134534340635 99
1716649870861 0.006601131404750049 100
