1716649865814 0.871859296482412 1
1716649865865 0.9623115577889447 2
1716649865917 0.9396984924623115 3
1716649865968 0.9522613065326633 4
1716649866020 0.9447236180904522 5
1716649866071 0.964824120603015 6
1716649866124 0.9798994974874372 7
1716649866172 0.9547738693467337 8
1716649866225 0.9698492462311558 9
1716649866276 0.964824120603015 10
1716649866327 0.9698492462311558 11
1716649866378 0.9798994974874372 12
1716649866430 0.9849246231155779 13
1716649866481 0.9824120603015075 14
1716649866532 0.9773869346733668 15
1716649866582 0.9798994974874372 16
1716649866633 0.9748743718592965 17
1716649866684 0.964824120603015 18
1716649866734 0.9899497487437185 19
1716649866785 0.9899497487437185 20
1716649866836 0.9849246231155779 21
1716649866886 0.9849246231155779 22
1716649866937 0.9698492462311558 23
1716649866988 0.9949748743718593 24
1716649867038 0.9899497487437185 25
1716649867088 0.9773869346733668 26
1716649867139 0.9849246231155779 27
1716649867189 0.9798994974874372 28
1716649867240 0.992462311557789 29
1716649867291 0.9698492462311558 30
1716649867342 0.9874371859296482 31
1716649867392 0.9849246231155779 32
1716649867443 0.9824120603015075 33
1716649867494 0.992462311557789 34
1716649867545 1.0 35
1716649867597 0.992462311557789 36
1716649867648 0.9899497487437185 37
1716649867699 0.9949748743718593 38
1716649867750 0.9698492462311558 39
1716649867800 0.9798994974874372 40
1716649867851 0.992462311557789 41
1716649867902 0.992462311557789 42
1716649867954 0.9798994974874372 43
1716649868005 0.9874371859296482 44
1716649868056 0.9824120603015075 45
1716649868107 0.9849246231155779 46
1716649868157 0.9974874371859297 47
1716649868208 1.0 48
1716649868260 1.0 49
1716649868310 0.9698492462311558 50
1716649868361 0.9949748743718593 51
1716649868412 0.9899497487437185 52
1716649868463 0.992462311557789 53
1716649868513 0.9773869346733668 54
1716649868564 0.9849246231155779 55
1716649868615 0.9899497487437185 56
1716649868667 0.9949748743718593 57
1716649868717 0.992462311557789 58
1716649868768 0.9949748743718593 59
1716649868818 0.9874371859296482 60
1716649868869 0.9824120603015075 61
1716649868921 0.9849246231155779 62
1716649868972 0.9949748743718593 63
1716649869023 0.9824120603015075 64
1716649869074 0.9949748743718593 65
1716649869125 0.9899497487437185 66
1716649869176 0.9899497487437185 67
1716649869228 0.9949748743718593 68
1716649869279 0.992462311557789 69
1716649869330 0.9974874371859297 70
1716649869381 0.9949748743718593 71
1716649869432 0.9899497487437185 72
1716649869483 0.9949748743718593 73
1716649869533 0.992462311557789 74
1716649869588 0.9798994974874372 75
1716649869640 0.992462311557789 76
1716649869690 0.9949748743718593 77
1716649869741 0.9899497487437185 78
1716649869792 0.964824120603015 79
1716649869843 0.9949748743718593 80
1716649869894 0.9824120603015075 81
1716649869945 0.992462311557789 82
1716649869997 0.992462311557789 83
1716649870047 0.9824120603015075 84
1716649870099 0.9949748743718593 85
1716649870149 0.9949748743718593 86
1716649870200 1.0 87
1716649870251 1.0 88
1716649870301 1.0 89
1716649870352 0.9949748743718593 90
1716649870403 1.0 91
1716649870453 0.9949748743718593 92
1716649870505 0.992462311557789 93
1716649870556 1.0 94
1716649870607 1.0 95
1716649870658 0.992462311557789 96
1716649870708 0.9874371859296482 97
1716649870760 0.9874371859296482 98
1716649870812 0.9824120603015075 99
1716649870862 1.0 100
