1716648084336 0.8894472361809045 1
1716648084384 0.9195979899497487 2
1716648084431 0.9673366834170855 3
1716648084479 0.9673366834170855 4
1716648084526 0.9597989949748744 5
1716648084572 0.9371859296482412 6
1716648084617 0.9798994974874372 7
1716648084662 0.9723618090452262 8
1716648084710 0.9673366834170855 9
1716648084756 0.9824120603015075 10
1716648084806 0.9798994974874372 11
1716648084853 0.9849246231155779 12
1716648084901 0.9798994974874372 13
1716648084947 0.9874371859296482 14
1716648084994 0.9874371859296482 15
1716648085040 0.9623115577889447 16
1716648085088 0.9723618090452262 17
1716648085136 0.9798994974874372 18
1716648085182 0.9773869346733668 19
1716648085229 0.9773869346733668 20
