1716648084335 0.32849466227568114 1
1716648084383 0.2112100852223543 2
1716648084430 0.12811108248738143 3
1716648084478 0.10415318293067125 4
1716648084525 0.15289083015746796 5
1716648084571 0.15002061104258665 6
1716648084616 0.07176366505714563 7
1716648084661 0.08919572543639404 8
1716648084709 0.11889728667357793 9
1716648084755 0.07117463376086491 10
1716648084805 0.05057328896453747 11
1716648084852 0.05423147711329735 12
1716648084900 0.07018329464615537 13
1716648084946 0.04445543706130523 14
1716648084993 0.040380320547578424 15
1716648085040 0.09850184343611965 16
1716648085087 0.06503405378988156 17
1716648085135 0.048361054299255975 18
1716648085181 0.09288943687883708 19
1716648085228 0.07227097516163038 20
