1716647906022 0.3012495476465959 1
1716647906071 0.14759833394334868 2
1716647906118 0.11165584179644401 3
1716647906164 0.11835696763144089 4
1716647906211 0.11786506668879436 5
1716647906260 0.10089323268486904 6
1716647906306 0.14633833595479911 7
1716647906352 0.08406583226930636 8
1716647906399 0.043795802988685094 9
1716647906446 0.1591273001753367 10
1716647906493 0.08696816503428496 11
1716647906539 0.10434906392429884 12
1716647906584 0.11043562030849549 13
1716647906631 0.06106036156415939 14
1716647906678 0.028927689239096183 15
1716647906724 0.0634581852489366 16
1716647906770 0.07314600731031252 17
1716647906818 0.09386348946449849 18
1716647906865 0.06833486932401474 19
1716647906912 0.058438427065714046 20
