1716647906024 0.8869346733668342 1
1716647906072 0.9522613065326633 2
1716647906119 0.9623115577889447 3
1716647906165 0.964824120603015 4
1716647906212 0.949748743718593 5
1716647906261 0.964824120603015 6
1716647906306 0.9522613065326633 7
1716647906353 0.9698492462311558 8
1716647906400 0.9849246231155779 9
1716647906447 0.9371859296482412 10
1716647906494 0.9698492462311558 11
1716647906540 0.957286432160804 12
1716647906585 0.9522613065326633 13
1716647906632 0.9874371859296482 14
1716647906679 0.992462311557789 15
1716647906725 0.9723618090452262 16
1716647906771 0.9773869346733668 17
1716647906819 0.9824120603015075 18
1716647906866 0.9748743718592965 19
1716647906913 0.9849246231155779 20
