1716653457051 0.9112149532710281 1
1716653457086 0.972 2
1716653457122 0.9642857142857143 3
1716653457157 0.968 4
1716653457189 0.9536679536679536 5
1716653457223 0.967741935483871 6
1716653457259 0.9607843137254902 7
1716653457294 0.9651162790697675 8
1716653457326 0.9610894941634242 9
1716653457358 0.984 10
1716653457395 0.9880952380952381 11
1716653457441 0.9840637450199203 12
1716653457474 0.9763779527559056 13
1716653457506 0.9917355371900827 14
1716653457538 0.9802371541501976 15
1716653457569 0.96875 16
1716653457601 0.9838709677419355 17
1716653457634 0.9651162790697675 18
1716653457667 0.9880478087649402 19
1716653457698 0.9880478087649402 20
1716653457730 0.9802371541501976 21
1716653457763 0.984 22
1716653457795 0.9796747967479674 23
1716653457827 0.9565217391304348 24
1716653457858 0.9802371541501976 25
1716653457891 0.988 26
1716653457923 0.97265625 27
1716653457955 0.9919678714859438 28
1716653457987 0.9501915708812261 29
1716653458018 0.9918367346938776 30
1716653458051 0.9841269841269841 31
1716653458083 0.9919354838709677 32
1716653458116 0.9920318725099602 33
1716653458150 0.992 34
1716653458183 0.9918032786885246 35
1716653458215 0.96875 36
1716653458248 0.9880952380952381 37
1716653458280 0.9841897233201581 38
1716653458311 0.9959349593495935 39
1716653458343 0.9880952380952381 40
1716653458375 0.9959514170040485 41
1716653458406 0.97265625 42
1716653458439 0.996 43
1716653458471 0.9761904761904762 44
1716653458504 0.9757085020242915 45
1716653458537 0.988 46
1716653458571 0.988 47
1716653458604 0.9841269841269841 48
1716653458636 1.0 49
1716653458671 0.996 50
1716653458704 0.9919354838709677 51
1716653458736 0.9803149606299213 52
1716653458769 0.996 53
1716653458802 0.9959183673469387 54
1716653458835 0.9285714285714286 55
1716653458866 0.9764705882352941 56
1716653458899 0.9959677419354839 57
1716653458930 0.9959839357429718 58
1716653458963 0.992 59
1716653458995 0.9920318725099602 60
1716653459027 0.9959839357429718 61
1716653459059 0.9724409448818898 62
1716653459092 0.9764705882352941 63
1716653459125 0.995850622406639 64
1716653459157 0.9920318725099602 65
1716653459190 0.9959839357429718 66
1716653459224 0.996 67
1716653459255 0.996 68
1716653459289 0.996 69
1716653459321 0.9959839357429718 70
1716653459354 0.9802371541501976 71
1716653459386 0.9878542510121457 72
1716653459418 0.9959677419354839 73
1716653459450 1.0 74
1716653459483 0.9920318725099602 75
1716653459514 1.0 76
1716653459546 0.9649805447470817 77
1716653459577 0.9919354838709677 78
1716653459609 0.9576923076923077 79
1716653459641 0.9919354838709677 80
1716653459674 0.9764705882352941 81
1716653459706 0.9959514170040485 82
1716653459738 1.0 83
1716653459770 0.996 84
1716653459803 1.0 85
1716653459835 0.9959677419354839 86
1716653459867 0.9920318725099602 87
1716653459899 0.9959839357429718 88
1716653459931 0.9959839357429718 89
1716653459963 0.9880478087649402 90
1716653459995 0.9920318725099602 91
1716653460027 0.9959677419354839 92
1716653460059 1.0 93
1716653460091 1.0 94
1716653460123 0.9880952380952381 95
1716653460156 0.9959514170040485 96
1716653460187 0.9467680608365019 97
1716653460221 0.9959677419354839 98
1716653460253 0.9959839357429718 99
1716653460285 1.0 100
1716653460317 0.9431818181818182 101
1716653460348 1.0 102
1716653460380 1.0 103
1716653460412 1.0 104
1716653460445 1.0 105
1716653460477 0.996 106
1716653460510 0.996 107
1716653460542 1.0 108
1716653460574 1.0 109
1716653460606 0.996 110
1716653460639 1.0 111
1716653460670 0.9959839357429718 112
1716653460702 1.0 113
1716653460735 1.0 114
1716653460768 1.0 115
1716653460800 1.0 116
1716653460832 0.996 117
1716653460865 1.0 118
1716653460898 1.0 119
1716653460930 1.0 120
1716653460962 0.9959839357429718 121
1716653460995 0.9959839357429718 122
1716653461028 1.0 123
1716653461059 0.9576923076923077 124
1716653461091 0.992 125
1716653461123 0.9802371541501976 126
1716653461155 1.0 127
1716653461187 1.0 128
1716653461219 1.0 129
1716653461253 0.9919678714859438 130
1716653461286 0.9725490196078431 131
1716653461317 0.9920318725099602 132
1716653461349 1.0 133
1716653461382 0.996 134
1716653461414 0.996 135
1716653461446 0.9959839357429718 136
1716653461477 1.0 137
1716653461509 1.0 138
1716653461542 1.0 139
1716653461574 1.0 140
1716653461606 0.996 141
1716653461639 0.9919678714859438 142
1716653461671 0.9920318725099602 143
1716653461704 0.9959677419354839 144
1716653461736 1.0 145
1716653461769 1.0 146
1716653461802 1.0 147
1716653461834 1.0 148
1716653461866 1.0 149
1716653461899 1.0 150
1716653461931 1.0 151
1716653461964 1.0 152
1716653461995 1.0 153
1716653462027 1.0 154
1716653462061 1.0 155
1716653462091 1.0 156
1716653462124 1.0 157
1716653462156 0.9920318725099602 158
1716653462189 0.992 159
1716653462220 0.98 160
1716653462253 0.9920318725099602 161
1716653462288 1.0 162
1716653462320 1.0 163
1716653462352 1.0 164
1716653462384 1.0 165
1716653462415 0.9431818181818182 166
1716653462448 0.9959839357429718 167
1716653462480 0.9920318725099602 168
1716653462511 1.0 169
1716653462543 1.0 170
1716653462576 0.9841897233201581 171
1716653462608 0.9920318725099602 172
1716653462640 0.996 173
1716653462673 1.0 174
1716653462705 0.9880478087649402 175
1716653462737 0.9920318725099602 176
1716653462769 0.9959677419354839 177
1716653462803 0.9920318725099602 178
1716653462836 1.0 179
1716653462868 1.0 180
1716653462900 1.0 181
1716653462931 1.0 182
1716653462963 1.0 183
1716653462995 0.9959839357429718 184
1716653463027 1.0 185
1716653463059 1.0 186
1716653463091 0.996 187
1716653463123 1.0 188
1716653463155 1.0 189
1716653463187 1.0 190
1716653463218 0.9920318725099602 191
1716653463250 1.0 192
1716653463282 1.0 193
1716653463315 1.0 194
1716653463348 0.996 195
1716653463380 1.0 196
1716653463411 0.996 197
1716653463444 1.0 198
1716653463477 1.0 199
1716653463508 1.0 200
