1716653457052 0.7831325301204819 1
1716653457087 0.9759036144578314 2
1716653457122 0.9759036144578314 3
1716653457157 0.9718875502008032 4
1716653457190 0.9919678714859438 5
1716653457224 0.963855421686747 6
1716653457260 0.9839357429718876 7
1716653457295 1.0 8
1716653457326 0.9919678714859438 9
1716653457359 0.9879518072289156 10
1716653457396 1.0 11
1716653457441 0.9919678714859438 12
1716653457474 0.9959839357429718 13
1716653457506 0.963855421686747 14
1716653457539 0.9959839357429718 15
1716653457570 0.9959839357429718 16
1716653457602 0.9799196787148594 17
1716653457634 1.0 18
1716653457667 0.9959839357429718 19
1716653457699 0.9959839357429718 20
1716653457731 0.9959839357429718 21
1716653457763 0.9879518072289156 22
1716653457795 0.9678714859437751 23
1716653457827 0.9718875502008032 24
1716653457859 0.9959839357429718 25
1716653457892 0.9919678714859438 26
1716653457924 1.0 27
1716653457956 0.9919678714859438 28
1716653457987 0.9959839357429718 29
1716653458019 0.9759036144578314 30
1716653458052 0.9959839357429718 31
1716653458084 0.9879518072289156 32
1716653458117 1.0 33
1716653458150 0.9959839357429718 34
1716653458183 0.9718875502008032 35
1716653458216 0.9959839357429718 36
1716653458249 1.0 37
1716653458280 1.0 38
1716653458312 0.9839357429718876 39
1716653458344 1.0 40
1716653458375 0.9879518072289156 41
1716653458407 1.0 42
1716653458439 1.0 43
1716653458472 0.9879518072289156 44
1716653458505 0.9678714859437751 45
1716653458538 0.9919678714859438 46
1716653458572 0.9919678714859438 47
1716653458605 0.9959839357429718 48
1716653458636 0.9759036144578314 49
1716653458672 1.0 50
1716653458705 0.9879518072289156 51
1716653458737 1.0 52
1716653458770 1.0 53
1716653458802 0.9799196787148594 54
1716653458835 0.9919678714859438 55
1716653458867 1.0 56
1716653458899 0.9919678714859438 57
1716653458931 0.9959839357429718 58
1716653458963 0.9959839357429718 59
1716653458996 1.0 60
1716653459028 0.9959839357429718 61
1716653459060 0.9919678714859438 62
1716653459092 1.0 63
1716653459126 0.963855421686747 64
1716653459158 1.0 65
1716653459191 0.9959839357429718 66
1716653459224 1.0 67
1716653459256 1.0 68
1716653459289 1.0 69
1716653459322 0.9959839357429718 70
1716653459354 0.9959839357429718 71
1716653459387 0.9799196787148594 72
1716653459419 0.9919678714859438 73
1716653459451 0.9879518072289156 74
1716653459483 1.0 75
1716653459515 0.9959839357429718 76
1716653459547 0.9959839357429718 77
1716653459578 0.9879518072289156 78
1716653459610 1.0 79
1716653459642 0.9879518072289156 80
1716653459674 1.0 81
1716653459707 0.9879518072289156 82
1716653459739 0.9959839357429718 83
1716653459771 1.0 84
1716653459803 1.0 85
1716653459836 0.9919678714859438 86
1716653459868 1.0 87
1716653459900 0.9959839357429718 88
1716653459932 0.9959839357429718 89
1716653459964 0.9959839357429718 90
1716653459995 1.0 91
1716653460028 0.9919678714859438 92
1716653460060 1.0 93
1716653460091 0.9919678714859438 94
1716653460124 1.0 95
1716653460156 0.9879518072289156 96
1716653460188 1.0 97
1716653460222 0.9919678714859438 98
1716653460254 0.9959839357429718 99
1716653460286 0.9839357429718876 100
1716653460317 1.0 101
1716653460349 1.0 102
1716653460381 0.9959839357429718 103
1716653460413 0.9959839357429718 104
1716653460445 1.0 105
1716653460478 1.0 106
1716653460511 1.0 107
1716653460543 1.0 108
1716653460575 1.0 109
1716653460607 1.0 110
1716653460639 1.0 111
1716653460671 0.9959839357429718 112
1716653460702 1.0 113
1716653460736 1.0 114
1716653460768 1.0 115
1716653460801 1.0 116
1716653460833 1.0 117
1716653460866 1.0 118
1716653460899 1.0 119
1716653460931 1.0 120
1716653460963 0.9959839357429718 121
1716653460995 0.9959839357429718 122
1716653461028 0.9959839357429718 123
1716653461060 1.0 124
1716653461092 0.9959839357429718 125
1716653461124 0.9959839357429718 126
1716653461156 0.9959839357429718 127
1716653461188 0.9959839357429718 128
1716653461220 0.9919678714859438 129
1716653461254 0.9919678714859438 130
1716653461286 0.9959839357429718 131
1716653461318 1.0 132
1716653461350 1.0 133
1716653461382 1.0 134
1716653461415 1.0 135
1716653461446 0.9959839357429718 136
1716653461478 0.9799196787148594 137
1716653461510 1.0 138
1716653461543 1.0 139
1716653461575 1.0 140
1716653461607 1.0 141
1716653461639 0.9919678714859438 142
1716653461672 1.0 143
1716653461704 0.9919678714859438 144
1716653461737 1.0 145
1716653461770 1.0 146
1716653461803 1.0 147
1716653461835 1.0 148
1716653461867 1.0 149
1716653461899 1.0 150
1716653461932 1.0 151
1716653461964 1.0 152
1716653461995 1.0 153
1716653462028 1.0 154
1716653462062 1.0 155
1716653462092 1.0 156
1716653462124 1.0 157
1716653462157 1.0 158
1716653462190 0.9959839357429718 159
1716653462221 0.9839357429718876 160
1716653462254 1.0 161
1716653462289 1.0 162
1716653462320 1.0 163
1716653462352 1.0 164
1716653462385 0.9959839357429718 165
1716653462416 1.0 166
1716653462449 0.9959839357429718 167
1716653462480 1.0 168
1716653462512 1.0 169
1716653462543 0.9919678714859438 170
1716653462577 1.0 171
1716653462609 1.0 172
1716653462641 1.0 173
1716653462673 1.0 174
1716653462706 0.9959839357429718 175
1716653462737 1.0 176
1716653462769 0.9919678714859438 177
1716653462803 1.0 178
1716653462836 0.9959839357429718 179
1716653462869 1.0 180
1716653462900 1.0 181
1716653462932 1.0 182
1716653462964 0.9959839357429718 183
1716653462995 0.9959839357429718 184
1716653463027 0.9919678714859438 185
1716653463059 1.0 186
1716653463092 1.0 187
1716653463123 1.0 188
1716653463155 0.9959839357429718 189
1716653463187 1.0 190
1716653463219 1.0 191
1716653463251 0.9959839357429718 192
1716653463283 1.0 193
1716653463316 1.0 194
1716653463348 1.0 195
1716653463380 0.9959839357429718 196
1716653463412 1.0 197
1716653463445 1.0 198
1716653463478 1.0 199
1716653463509 1.0 200
