1716653457050 0.8165829145728644 1
1716653457086 0.9673366834170855 2
1716653457121 0.9623115577889447 3
1716653457156 0.9623115577889447 4
1716653457189 0.964824120603015 5
1716653457223 0.957286432160804 6
1716653457259 0.964824120603015 7
1716653457294 0.9773869346733668 8
1716653457325 0.9698492462311558 9
1716653457358 0.9824120603015075 10
1716653457394 0.992462311557789 11
1716653457440 0.9849246231155779 12
1716653457473 0.9824120603015075 13
1716653457505 0.9723618090452262 14
1716653457537 0.9849246231155779 15
1716653457569 0.9773869346733668 16
1716653457600 0.9773869346733668 17
1716653457633 0.9773869346733668 18
1716653457666 0.9899497487437185 19
1716653457698 0.9899497487437185 20
1716653457730 0.9849246231155779 21
1716653457762 0.9824120603015075 22
1716653457794 0.9673366834170855 23
1716653457826 0.9547738693467337 24
1716653457857 0.9849246231155779 25
1716653457891 0.9874371859296482 26
1716653457923 0.9824120603015075 27
1716653457954 0.9899497487437185 28
1716653457986 0.964824120603015 29
1716653458018 0.9798994974874372 30
1716653458050 0.9874371859296482 31
1716653458083 0.9874371859296482 32
1716653458116 0.9949748743718593 33
1716653458149 0.992462311557789 34
1716653458182 0.9773869346733668 35
1716653458214 0.9773869346733668 36
1716653458247 0.992462311557789 37
1716653458279 0.9899497487437185 38
1716653458311 0.9874371859296482 39
1716653458342 0.992462311557789 40
1716653458374 0.9899497487437185 41
1716653458406 0.9824120603015075 42
1716653458438 0.9974874371859297 43
1716653458471 0.9773869346733668 44
1716653458503 0.964824120603015 45
1716653458536 0.9874371859296482 46
1716653458570 0.9874371859296482 47
1716653458603 0.9874371859296482 48
1716653458635 0.9849246231155779 49
1716653458671 0.9974874371859297 50
1716653458703 0.9874371859296482 51
1716653458735 0.9874371859296482 52
1716653458768 0.9974874371859297 53
1716653458801 0.9849246231155779 54
1716653458834 0.9472361809045227 55
1716653458866 0.9849246231155779 56
1716653458898 0.992462311557789 57
1716653458929 0.9949748743718593 58
1716653458962 0.992462311557789 59
1716653458994 0.9949748743718593 60
1716653459027 0.9949748743718593 61
1716653459059 0.9773869346733668 62
1716653459091 0.9849246231155779 63
1716653459124 0.9748743718592965 64
1716653459157 0.9949748743718593 65
1716653459190 0.9949748743718593 66
1716653459223 0.9974874371859297 67
1716653459255 0.9974874371859297 68
1716653459288 0.9974874371859297 69
1716653459320 0.9949748743718593 70
1716653459353 0.9849246231155779 71
1716653459385 0.9798994974874372 72
1716653459418 0.992462311557789 73
1716653459449 0.992462311557789 74
1716653459482 0.9949748743718593 75
1716653459514 0.9974874371859297 76
1716653459545 0.9748743718592965 77
1716653459576 0.9874371859296482 78
1716653459608 0.9723618090452262 79
1716653459641 0.9874371859296482 80
1716653459673 0.9849246231155779 81
1716653459706 0.9899497487437185 82
1716653459738 0.9974874371859297 83
1716653459770 0.9974874371859297 84
1716653459802 1.0 85
1716653459835 0.992462311557789 86
1716653459867 0.9949748743718593 87
1716653459899 0.9949748743718593 88
1716653459931 0.9949748743718593 89
1716653459962 0.9899497487437185 90
1716653459994 0.9949748743718593 91
1716653460027 0.992462311557789 92
1716653460059 1.0 93
1716653460090 0.9949748743718593 94
1716653460122 0.992462311557789 95
1716653460155 0.9899497487437185 96
1716653460186 0.964824120603015 97
1716653460221 0.992462311557789 98
1716653460252 0.9949748743718593 99
1716653460284 0.9899497487437185 100
1716653460316 0.9623115577889447 101
1716653460348 1.0 102
1716653460380 0.9974874371859297 103
1716653460411 0.9974874371859297 104
1716653460444 1.0 105
1716653460476 0.9974874371859297 106
1716653460509 0.9974874371859297 107
1716653460541 1.0 108
1716653460573 1.0 109
1716653460605 0.9974874371859297 110
1716653460638 1.0 111
1716653460670 0.9949748743718593 112
1716653460701 1.0 113
1716653460734 1.0 114
1716653460767 1.0 115
1716653460800 1.0 116
1716653460832 0.9974874371859297 117
1716653460865 1.0 118
1716653460897 1.0 119
1716653460929 1.0 120
1716653460962 0.9949748743718593 121
1716653460994 0.9949748743718593 122
1716653461027 0.9974874371859297 123
1716653461058 0.9723618090452262 124
1716653461090 0.992462311557789 125
1716653461122 0.9849246231155779 126
1716653461154 0.9974874371859297 127
1716653461186 0.9974874371859297 128
1716653461219 0.9949748743718593 129
1716653461252 0.9899497487437185 130
1716653461285 0.9798994974874372 131
1716653461317 0.9949748743718593 132
1716653461349 1.0 133
1716653461381 0.9974874371859297 134
1716653461413 0.9974874371859297 135
1716653461445 0.9949748743718593 136
1716653461477 0.9874371859296482 137
1716653461509 1.0 138
1716653461541 1.0 139
1716653461573 1.0 140
1716653461605 0.9974874371859297 141
1716653461638 0.9899497487437185 142
1716653461671 0.9949748743718593 143
1716653461703 0.992462311557789 144
1716653461736 1.0 145
1716653461768 1.0 146
1716653461801 1.0 147
1716653461833 1.0 148
1716653461866 1.0 149
1716653461898 1.0 150
1716653461931 1.0 151
1716653461963 1.0 152
1716653461994 1.0 153
1716653462027 1.0 154
1716653462060 1.0 155
1716653462091 1.0 156
1716653462123 1.0 157
1716653462155 0.9949748743718593 158
1716653462188 0.992462311557789 159
1716653462219 0.9773869346733668 160
1716653462252 0.9949748743718593 161
1716653462288 1.0 162
1716653462319 1.0 163
1716653462351 1.0 164
1716653462383 0.9974874371859297 165
1716653462415 0.9623115577889447 166
1716653462447 0.9949748743718593 167
1716653462479 0.9949748743718593 168
1716653462511 1.0 169
1716653462542 0.9949748743718593 170
1716653462575 0.9899497487437185 171
1716653462608 0.9949748743718593 172
1716653462640 0.9974874371859297 173
1716653462672 1.0 174
1716653462704 0.9899497487437185 175
1716653462736 0.9949748743718593 176
1716653462768 0.992462311557789 177
1716653462802 0.9949748743718593 178
1716653462835 0.9974874371859297 179
1716653462867 1.0 180
1716653462899 1.0 181
1716653462931 1.0 182
1716653462962 0.9974874371859297 183
1716653462994 0.9949748743718593 184
1716653463026 0.9949748743718593 185
1716653463058 1.0 186
1716653463090 0.9974874371859297 187
1716653463122 1.0 188
1716653463154 0.9974874371859297 189
1716653463186 1.0 190
1716653463217 0.9949748743718593 191
1716653463249 0.9974874371859297 192
1716653463281 1.0 193
1716653463315 1.0 194
1716653463347 0.9974874371859297 195
1716653463379 0.9974874371859297 196
1716653463411 0.9974874371859297 197
1716653463444 1.0 198
1716653463476 1.0 199
1716653463508 1.0 200
