1716653457049 0.3881959915161133 1
1716653457085 0.1568939739039966 2
1716653457120 0.11147315534097808 3
1716653457155 0.09337279173944678 4
1716653457188 0.11981807888618537 5
1716653457222 0.14736209463860309 6
1716653457258 0.1416211716298546 7
1716653457293 0.07771923925195422 8
1716653457324 0.09190862279917512 9
1716653457357 0.05639875041587012 10
1716653457393 0.032918508031538556 11
1716653457439 0.029748172698808566 12
1716653457472 0.22161634918302298 13
1716653457504 0.08722621468561036 14
1716653457536 0.08056243721927915 15
1716653457568 0.06894506194761821 16
1716653457599 0.08581817030374493 17
1716653457632 0.06733042893132993 18
1716653457665 0.04185984469950199 19
1716653457697 0.035929903853684664 20
1716653457729 0.04740655009767839 21
1716653457761 0.06895715024854455 22
1716653457793 0.07554767380601593 23
1716653457825 0.1016388652580125 24
1716653457857 0.06114610031779323 25
1716653457890 0.04902948286118252 26
1716653457922 0.03683013602026871 27
1716653457953 0.07369385270534881 28
1716653457985 0.17492331018937485 29
1716653458017 0.08599334050502096 30
1716653458049 0.038197067832308154 31
1716653458082 0.03710591899497168 32
1716653458115 0.01590610794456942 33
1716653458148 0.023135932960680554 34
1716653458181 0.06182461631085191 35
1716653458213 0.0887864796843912 36
1716653458246 0.02590627216600946 37
1716653458278 0.07336328497954778 38
1716653458310 0.029289653125618185 39
1716653458341 0.046126488862293105 40
1716653458373 0.039951556495257785 41
1716653458405 0.06449538762015956 42
1716653458437 0.01720307973612632 43
1716653458470 0.05571017999734197 44
1716653458502 0.11570672092161008 45
1716653458535 0.041235462961984534 46
1716653458569 0.030316232038395747 47
1716653458602 0.09293314668216876 48
1716653458634 0.0321323398633727 49
1716653458670 0.012400256370061211 50
1716653458702 0.0791636717372707 51
1716653458734 0.04267388502401965 52
1716653458767 0.00916630741474884 53
1716653458800 0.09406077173272413 54
1716653458833 0.19255583680101804 55
1716653458865 0.04235931778592723 56
1716653458897 0.03546633484906384 57
1716653458928 0.022614368636693274 58
1716653458961 0.023361660540103912 59
1716653458993 0.024394478016932095 60
1716653459026 0.03378550655075482 61
1716653459058 0.09026700394627239 62
1716653459090 0.11740529390850238 63
1716653459123 0.07728221546858549 64
1716653459156 0.01972056632595403 65
1716653459189 0.01548017029251371 66
1716653459222 0.010346665629185736 67
1716653459254 0.0097587710645582 68
1716653459287 0.008043503422023994 69
1716653459319 0.025988306051918438 70
1716653459352 0.041708623125616996 71
1716653459385 0.08292316256224044 72
1716653459417 0.023666575218417814 73
1716653459448 0.02046662346193833 74
1716653459481 0.009801134267555816 75
1716653459513 0.04448574605131788 76
1716653459545 0.0459374539288027 77
1716653459575 0.05637164517039699 78
1716653459608 0.0664367296599916 79
1716653459640 0.05131950881332159 80
1716653459672 0.029705135683928217 81
1716653459705 0.025681942169155394 82
1716653459737 0.013938244498733963 83
1716653459769 0.009070202109536954 84
1716653459801 0.003458205926498132 85
1716653459834 0.034483801357315054 86
1716653459866 0.013574658743371921 87
1716653459898 0.01565005613623985 88
1716653459930 0.0162843445182911 89
1716653459962 0.03479613668085741 90
1716653459993 0.053840049841840355 91
1716653460026 0.02377116241093193 92
1716653460058 0.009043522711311067 93
1716653460089 0.051566533012581725 94
1716653460122 0.017620567897600786 95
1716653460154 0.06774568010587245 96
1716653460185 0.13245956307010992 97
1716653460220 0.031323167495429516 98
1716653460252 0.022216294492994035 99
1716653460283 0.11461975136106568 100
1716653460315 0.062040865288249085 101
1716653460347 0.012551437398152692 102
1716653460379 0.010580905912710088 103
1716653460411 0.009966152121445962 104
1716653460443 0.0073159384607736555 105
1716653460476 0.01016381080262363 106
1716653460508 0.0049915684669810745 107
1716653460540 0.0067674288625961965 108
1716653460572 0.007195880553419036 109
1716653460605 0.005815043779356139 110
1716653460637 0.002786994375388271 111
1716653460669 0.010072602607708956 112
1716653460700 0.0012407119336005832 113
1716653460734 0.001579094337232943 114
1716653460766 0.003770059910103945 115
1716653460799 0.0027819980459753424 116
1716653460831 0.00546682787327362 117
1716653460864 0.0007359237767689462 118
1716653460897 0.005361615655211998 119
1716653460929 0.0016289091519346194 120
1716653460961 0.005087397701572627 121
1716653460993 0.009100667126144149 122
1716653461026 0.013976983085740358 123
1716653461058 0.1359118252793061 124
1716653461090 0.04155086183787456 125
1716653461121 0.035315202216484716 126
1716653461154 0.013285307779109903 127
1716653461185 0.007200112150582884 128
1716653461218 0.029935628125843192 129
1716653461251 0.033169930667749474 130
1716653461284 0.08907501296406346 131
1716653461316 0.015113301508660828 132
1716653461348 0.004265163625989642 133
1716653461380 0.009801188201111342 134
1716653461412 0.00809550005942583 135
1716653461444 0.037734384931224794 136
1716653461476 0.03570951326816742 137
1716653461508 0.0029770881769114305 138
1716653461541 0.0029065572723214117 139
1716653461572 0.0033534506635208216 140
1716653461605 0.012572972178791783 141
1716653461637 0.023745313577819616 142
1716653461670 0.01057376345020852 143
1716653461702 0.026383531812046255 144
1716653461735 0.003383657130013619 145
1716653461767 0.0027209301978083594 146
1716653461800 0.0019237169929380929 147
1716653461833 0.0015327518090738782 148
1716653461865 0.0030311436026490162 149
1716653461897 0.002809062259205218 150
1716653461930 0.003050398717667641 151
1716653461962 0.0008347305951506964 152
1716653461993 0.0008689435988864196 153
1716653462026 0.0025416805583518 154
1716653462060 0.0006181698117870837 155
1716653462090 0.0022217998588790317 156
1716653462122 0.005873905220401606 157
1716653462154 0.017503399052657187 158
1716653462187 0.021723760934297127 159
1716653462219 0.08471516918923173 160
1716653462252 0.020482756929205998 161
1716653462287 0.0034761225272502217 162
1716653462318 0.00201123341685161 163
1716653462350 0.006012356557351138 164
1716653462382 0.02786724711768329 165
1716653462414 0.411621131767918 166
1716653462446 0.02379298978485167 167
1716653462478 0.012017618764990143 168
1716653462510 0.004165286663919687 169
1716653462541 0.029696730863569037 170
1716653462574 0.03474921779707074 171
1716653462607 0.04665182565804571 172
1716653462639 0.013599324572299207 173
1716653462671 0.0057804920610838705 174
1716653462703 0.0720600957782673 175
1716653462735 0.08080449031798967 176
1716653462767 0.027124219640557255 177
1716653462801 0.023065903224051 178
1716653462834 0.014200830000585743 179
1716653462866 0.006633778851080153 180
1716653462898 0.0031689335093168275 181
1716653462930 0.004346211968887863 182
1716653462961 0.005454146261659584 183
1716653462993 0.013072067189828626 184
1716653463025 0.021053009591664056 185
1716653463057 0.008587957983503916 186
1716653463089 0.0047850504883431965 187
1716653463121 0.0021050758244070622 188
1716653463153 0.0055591236201248 189
1716653463185 0.005602233502681234 190
1716653463217 0.015270227874030493 191
1716653463249 0.01016574158399765 192
1716653463281 0.0021372597298717926 193
1716653463314 0.0008324972129360374 194
1716653463346 0.006431406434525603 195
1716653463378 0.04501322879514191 196
1716653463410 0.00639755223944251 197
1716653463443 0.0023967190479327527 198
1716653463475 0.0032077799384881344 199
1716653463507 0.0016318676685581782 200
