1716648909606 0.8819095477386935 1
1716648909655 0.9597989949748744 2
1716648909704 0.949748743718593 3
1716648909753 0.9748743718592965 4
1716648909807 0.9522613065326633 5
1716648909854 0.9874371859296482 6
1716648909898 0.9547738693467337 7
1716648909946 0.9773869346733668 8
1716648909993 0.964824120603015 9
1716648910039 0.9798994974874372 10
1716648910083 0.9673366834170855 11
1716648910130 0.9748743718592965 12
1716648910177 0.9849246231155779 13
1716648910226 0.9899497487437185 14
1716648910274 0.9748743718592965 15
1716648910322 0.9673366834170855 16
1716648910370 0.9597989949748744 17
1716648910426 0.9673366834170855 18
1716648910475 0.9849246231155779 19
1716648910523 0.9824120603015075 20
1716648910570 0.9773869346733668 21
1716648910622 0.9824120603015075 22
1716648910669 0.9773869346733668 23
1716648910717 0.9623115577889447 24
1716648910763 0.9748743718592965 25
1716648910811 0.9824120603015075 26
1716648910859 0.9798994974874372 27
1716648910907 0.9824120603015075 28
1716648910954 0.992462311557789 29
1716648911002 0.992462311557789 30
1716648911048 0.9698492462311558 31
1716648911096 0.9849246231155779 32
1716648911144 0.992462311557789 33
1716648911191 0.9949748743718593 34
1716648911238 0.9899497487437185 35
1716648911286 0.992462311557789 36
1716648911332 0.9874371859296482 37
1716648911379 0.9849246231155779 38
1716648911427 0.9798994974874372 39
1716648911474 0.9824120603015075 40
1716648911522 0.9899497487437185 41
1716648911568 0.9849246231155779 42
1716648911617 0.9773869346733668 43
1716648911664 0.9798994974874372 44
1716648911711 0.9949748743718593 45
1716648911760 1.0 46
1716648911806 0.9824120603015075 47
1716648911853 0.992462311557789 48
1716648911901 0.9849246231155779 49
1716648911947 0.9798994974874372 50
