1716648909605 0.3367212735689603 1
1716648909654 0.12198470475581977 2
1716648909703 0.17594027175353125 3
1716648909752 0.09569327877118038 4
1716648909806 0.12306917745333451 5
1716648909853 0.05298076226161076 6
1716648909897 0.11174016890044396 7
1716648909945 0.0924421762331174 8
1716648909992 0.08620143234013365 9
1716648910038 0.06378415312904578 10
1716648910082 0.08857252126416335 11
1716648910129 0.08373240001786214 12
1716648910176 0.0448584551922977 13
1716648910225 0.03705672977062372 14
1716648910273 0.06916222108814579 15
1716648910321 0.1077076754031273 16
1716648910369 0.10294470663827199 17
1716648910425 0.09792346879839897 18
1716648910474 0.04323815754972971 19
1716648910522 0.05948287295177579 20
1716648910569 0.05123431783599349 21
1716648910621 0.04363507942224924 22
1716648910669 0.13085197198849458 23
1716648910716 0.12585242063953325 24
1716648910763 0.09511288011876437 25
1716648910811 0.05363987758755684 26
1716648910858 0.05578953128021497 27
1716648910906 0.05064812105578872 28
1716648910953 0.027177917753131345 29
1716648911001 0.02062894221251974 30
1716648911047 0.07245364828178516 31
1716648911095 0.05007876622347304 32
1716648911143 0.03471750522462221 33
1716648911190 0.026584547550345842 34
1716648911237 0.038642885852963306 35
1716648911285 0.02445397345134272 36
1716648911332 0.036946227111352176 37
1716648911378 0.03878527834939842 38
1716648911426 0.04235467013831322 39
1716648911474 0.05699711092389547 40
1716648911521 0.04400330174785967 41
1716648911568 0.040679216098326906 42
1716648911616 0.0954607930034399 43
1716648911663 0.06065554687610039 44
1716648911710 0.023586231391303815 45
1716648911759 0.01047083160553414 46
1716648911805 0.053150142166906826 47
1716648911852 0.0298062906994556 48
1716648911900 0.043421572231007025 49
1716648911946 0.05560867954045534 50
