1716648026436 0.8844221105527639 1
1716648026484 0.9321608040201005 2
1716648026533 0.9547738693467337 3
1716648026581 0.9422110552763819 4
1716648026630 0.9597989949748744 5
1716648026678 0.9824120603015075 6
1716648026723 0.9849246231155779 7
1716648026770 0.9522613065326633 8
1716648026817 0.9698492462311558 9
1716648026865 0.964824120603015 10
1716648026914 0.9748743718592965 11
1716648026962 0.9748743718592965 12
1716648027009 0.9623115577889447 13
1716648027059 0.9798994974874372 14
1716648027108 0.9899497487437185 15
1716648027154 0.9723618090452262 16
1716648027201 0.9547738693467337 17
1716648027250 0.992462311557789 18
1716648027296 0.9773869346733668 19
1716648027343 0.9673366834170855 20
