1716648026434 0.2932354085720502 1
1716648026483 0.18171352262680346 2
1716648026532 0.11329685495449947 3
1716648026580 0.15000722492830112 4
1716648026629 0.11308209497768146 5
1716648026677 0.05193385410194214 6
1716648026722 0.05487450763869744 7
1716648026769 0.1325990232424094 8
1716648026816 0.0819355515190042 9
1716648026864 0.10879470185878184 10
1716648026913 0.06814926912864813 11
1716648026961 0.07498788489745213 12
1716648027008 0.10737097929590024 13
1716648027058 0.06670353905512737 14
1716648027107 0.025483236719782535 15
1716648027153 0.11788203166081355 16
1716648027200 0.12184236327616069 17
1716648027249 0.039612729532214314 18
1716648027295 0.07773733482911037 19
1716648027342 0.09389961138367653 20
