1716649963115 0.3138124713530907 1
1716649963170 0.2016709828032897 2
1716649963221 0.21927689818235543 3
1716649963273 0.15308033159145942 4
1716649963324 0.11751624554968797 5
1716649963375 0.11024975805328442 6
1716649963425 0.09131987235293938 7
1716649963476 0.10218239389359951 8
1716649963528 0.07562717931488386 9
1716649963579 0.06428640701163274 10
1716649963630 0.03744268184527755 11
1716649963681 0.12488319291375004 12
1716649963731 0.12047302371893938 13
1716649963783 0.03487693898093242 14
1716649963834 0.07428389150076188 15
1716649963885 0.03631594483382427 16
1716649963935 0.07170596460883434 17
1716649963985 0.07882662654782717 18
1716649964036 0.09049718081951141 19
1716649964085 0.13903442598306215 20
1716649964135 0.12247231975197792 21
1716649964186 0.062171014957129955 22
1716649964236 0.04953830019355966 23
1716649964286 0.0633535638738137 24
1716649964337 0.05366782077516501 25
1716649964388 0.05320188514171885 26
1716649964438 0.06056054728105664 27
1716649964490 0.02269008931202384 28
1716649964541 0.038253611365619763 29
1716649964592 0.06873955579402928 30
1716649964642 0.07504752493248536 31
1716649964693 0.04179864751103406 32
1716649964744 0.03706159714895945 33
1716649964795 0.019208170992967028 34
1716649964847 0.04843099175307613 35
1716649964898 0.05376428661223214 36
1716649964947 0.034953742735804275 37
1716649964997 0.03517208232257802 38
1716649965047 0.02724222508438218 39
1716649965097 0.02116064860736235 40
1716649965148 0.04975632587985064 41
1716649965198 0.03276059583116036 42
1716649965250 0.010333242199312035 43
1716649965300 0.007373107624096939 44
1716649965352 0.00569116224337799 45
1716649965405 0.055829995804323025 46
1716649965459 0.023994064254041474 47
1716649965511 0.021968564573818676 48
1716649965564 0.030177653749258473 49
1716649965618 0.0228759323945269 50
1716649965669 0.08242482593497978 51
1716649965721 0.029068296882682122 52
1716649965773 0.030482958447044857 53
1716649965825 0.06322613496405001 54
1716649965877 0.028663847828283906 55
1716649965928 0.043513697339221835 56
1716649965979 0.01880984770384832 57
1716649966031 0.0432603152629991 58
1716649966082 0.037282350580566205 59
1716649966131 0.0175599384193237 60
1716649966182 0.017571123684040055 61
1716649966231 0.027762970036397185 62
1716649966276 0.031511217687064066 63
1716649966325 0.06063010523883769 64
1716649966376 0.01664712615400696 65
1716649966426 0.038680993647386246 66
1716649966477 0.02351689965535815 67
1716649966527 0.01129073107865854 68
1716649966578 0.010536053558238424 69
1716649966628 0.024283509441794686 70
1716649966679 0.04800578688557904 71
1716649966730 0.01117280106812429 72
1716649966782 0.03192830004711421 73
1716649966832 0.01491585170599417 74
1716649966882 0.025134129772106044 75
1716649966932 0.015078056431285894 76
1716649966982 0.023904828144273218 77
1716649967032 0.02514275021922703 78
1716649967082 0.00833533672714391 79
1716649967133 0.010308286318412194 80
1716649967183 0.004348297126573295 81
1716649967237 0.012858827307354659 82
1716649967287 0.009929570033609007 83
1716649967337 0.0488847503740824 84
1716649967388 0.036583344684913754 85
1716649967437 0.012037142958993522 86
1716649967488 0.0433439294485232 87
1716649967538 0.1648604009488526 88
1716649967588 0.07321831462188409 89
1716649967638 0.009956849147923864 90
1716649967688 0.01039363882647684 91
1716649967738 0.026305121942781486 92
1716649967787 0.03842089711151157 93
1716649967837 0.02112592718689344 94
1716649967888 0.03311209524354826 95
1716649967938 0.004472883722673242 96
1716649967989 0.022084735915996134 97
1716649968039 0.013225230656994076 98
1716649968089 0.03250686874469885 99
1716649968139 0.07266313262068881 100
