1716649963118 0.8674698795180723 1
1716649963172 0.927710843373494 2
1716649963224 0.9357429718875502 3
1716649963275 0.9477911646586346 4
1716649963327 0.9678714859437751 5
1716649963378 0.963855421686747 6
1716649963427 0.9879518072289156 7
1716649963479 0.963855421686747 8
1716649963530 0.9919678714859438 9
1716649963581 0.9799196787148594 10
1716649963632 0.9919678714859438 11
1716649963684 0.9718875502008032 12
1716649963733 0.9718875502008032 13
1716649963786 0.9879518072289156 14
1716649963836 0.9959839357429718 15
1716649963887 0.9919678714859438 16
1716649963937 0.9799196787148594 17
1716649963988 0.9759036144578314 18
1716649964038 0.9839357429718876 19
1716649964087 0.9759036144578314 20
1716649964137 0.9879518072289156 21
1716649964188 0.9839357429718876 22
1716649964238 0.9839357429718876 23
1716649964289 0.9879518072289156 24
1716649964339 0.9919678714859438 25
1716649964390 0.9959839357429718 26
1716649964441 0.9919678714859438 27
1716649964492 1.0 28
1716649964544 0.9919678714859438 29
1716649964594 0.9678714859437751 30
1716649964645 0.9879518072289156 31
1716649964695 0.9919678714859438 32
1716649964746 0.9879518072289156 33
1716649964797 0.9959839357429718 34
1716649964849 0.9919678714859438 35
1716649964900 0.9799196787148594 36
1716649964950 0.9919678714859438 37
1716649965000 0.9959839357429718 38
1716649965049 1.0 39
1716649965100 0.9919678714859438 40
1716649965150 0.9879518072289156 41
1716649965200 1.0 42
1716649965252 1.0 43
1716649965303 1.0 44
1716649965354 1.0 45
1716649965407 0.9879518072289156 46
1716649965461 0.9919678714859438 47
1716649965514 0.9959839357429718 48
1716649965566 0.9879518072289156 49
1716649965620 0.9919678714859438 50
1716649965671 0.9839357429718876 51
1716649965723 1.0 52
1716649965775 0.9919678714859438 53
1716649965827 0.9718875502008032 54
1716649965879 0.9959839357429718 55
1716649965930 0.9919678714859438 56
1716649965981 1.0 57
1716649966033 0.9959839357429718 58
1716649966084 0.9919678714859438 59
1716649966133 0.9959839357429718 60
1716649966184 0.9959839357429718 61
1716649966234 0.9919678714859438 62
1716649966278 0.9879518072289156 63
1716649966327 0.9879518072289156 64
1716649966378 0.9879518072289156 65
1716649966428 0.9959839357429718 66
1716649966479 0.9879518072289156 67
1716649966529 1.0 68
1716649966580 0.9959839357429718 69
1716649966630 0.9879518072289156 70
1716649966681 1.0 71
1716649966732 0.9959839357429718 72
1716649966784 0.9879518072289156 73
1716649966835 0.9959839357429718 74
1716649966884 0.9919678714859438 75
1716649966934 1.0 76
1716649966984 0.9959839357429718 77
1716649967034 1.0 78
1716649967086 1.0 79
1716649967135 0.9959839357429718 80
1716649967186 1.0 81
1716649967239 0.9959839357429718 82
1716649967289 1.0 83
1716649967339 0.9919678714859438 84
1716649967390 1.0 85
1716649967440 0.9959839357429718 86
1716649967490 0.9879518072289156 87
1716649967540 0.9839357429718876 88
1716649967590 0.9799196787148594 89
1716649967640 1.0 90
1716649967691 1.0 91
1716649967740 0.9879518072289156 92
1716649967789 0.9799196787148594 93
1716649967839 0.9959839357429718 94
1716649967890 1.0 95
1716649967940 1.0 96
1716649967991 0.9879518072289156 97
1716649968041 0.9959839357429718 98
1716649968091 0.9919678714859438 99
1716649968141 0.9919678714859438 100
