1716649963117 0.8919597989949749 1
1716649963171 0.9170854271356784 2
1716649963222 0.914572864321608 3
1716649963274 0.9371859296482412 4
1716649963325 0.9472361809045227 5
1716649963376 0.9597989949748744 6
1716649963426 0.9623115577889447 7
1716649963477 0.9597989949748744 8
1716649963529 0.9773869346733668 9
1716649963580 0.9698492462311558 10
1716649963631 0.9874371859296482 11
1716649963682 0.9547738693467337 12
1716649963732 0.949748743718593 13
1716649963784 0.9874371859296482 14
1716649963835 0.9849246231155779 15
1716649963886 0.9899497487437185 16
1716649963936 0.9723618090452262 17
1716649963986 0.9698492462311558 18
1716649964037 0.9748743718592965 19
1716649964086 0.9723618090452262 20
1716649964136 0.949748743718593 21
1716649964187 0.9874371859296482 22
1716649964237 0.9798994974874372 23
1716649964287 0.9798994974874372 24
1716649964338 0.9824120603015075 25
1716649964388 0.9849246231155779 26
1716649964439 0.9824120603015075 27
1716649964491 0.9949748743718593 28
1716649964542 0.9849246231155779 29
1716649964593 0.9698492462311558 30
1716649964643 0.9698492462311558 31
1716649964694 0.9849246231155779 32
1716649964745 0.9824120603015075 33
1716649964796 0.9899497487437185 34
1716649964847 0.9849246231155779 35
1716649964899 0.9824120603015075 36
1716649964948 0.9874371859296482 37
1716649964998 0.9899497487437185 38
1716649965048 0.992462311557789 39
1716649965098 0.9899497487437185 40
1716649965148 0.9798994974874372 41
1716649965199 0.9899497487437185 42
1716649965251 0.9974874371859297 43
1716649965301 0.9974874371859297 44
1716649965353 1.0 45
1716649965406 0.9824120603015075 46
1716649965460 0.9899497487437185 47
1716649965512 0.992462311557789 48
1716649965564 0.9874371859296482 49
1716649965618 0.9949748743718593 50
1716649965670 0.9773869346733668 51
1716649965722 0.992462311557789 52
1716649965774 0.9874371859296482 53
1716649965825 0.9723618090452262 54
1716649965878 0.9899497487437185 55
1716649965929 0.992462311557789 56
1716649965980 0.9899497487437185 57
1716649966032 0.9949748743718593 58
1716649966083 0.9874371859296482 59
1716649966132 0.9949748743718593 60
1716649966182 0.992462311557789 61
1716649966232 0.9899497487437185 62
1716649966277 0.9849246231155779 63
1716649966326 0.9798994974874372 64
1716649966376 0.992462311557789 65
1716649966427 0.9899497487437185 66
1716649966478 0.9899497487437185 67
1716649966528 0.9974874371859297 68
1716649966579 0.9974874371859297 69
1716649966629 0.9874371859296482 70
1716649966680 0.9949748743718593 71
1716649966731 0.9974874371859297 72
1716649966782 0.9874371859296482 73
1716649966833 0.992462311557789 74
1716649966883 0.992462311557789 75
1716649966933 0.9974874371859297 76
1716649966983 0.9949748743718593 77
1716649967033 0.9949748743718593 78
1716649967083 0.9949748743718593 79
1716649967134 0.9974874371859297 80
1716649967184 0.9974874371859297 81
1716649967238 0.9949748743718593 82
1716649967288 0.9974874371859297 83
1716649967338 0.9949748743718593 84
1716649967389 0.9899497487437185 85
1716649967438 0.9949748743718593 86
1716649967489 0.9874371859296482 87
1716649967539 0.9874371859296482 88
1716649967589 0.9723618090452262 89
1716649967639 1.0 90
1716649967689 0.9974874371859297 91
1716649967738 0.992462311557789 92
1716649967788 0.9824120603015075 93
1716649967838 0.9949748743718593 94
1716649967888 0.992462311557789 95
1716649967939 1.0 96
1716649967990 0.9899497487437185 97
1716649968040 0.9949748743718593 98
1716649968090 0.9949748743718593 99
1716649968140 0.9824120603015075 100
