1716649963117 0.9557522123893806 1
1716649963172 0.9390243902439024 2
1716649963223 0.9282868525896414 3
1716649963274 0.9516129032258065 4
1716649963326 0.9488188976377953 5
1716649963377 0.97165991902834 6
1716649963426 0.9534883720930233 7
1716649963478 0.97165991902834 8
1716649963530 0.9724409448818898 9
1716649963580 0.9721115537848606 10
1716649963632 0.988 11
1716649963683 0.9565217391304348 12
1716649963733 0.9490196078431372 13
1716649963785 0.9919354838709677 14
1716649963836 0.9802371541501976 15
1716649963886 0.9919678714859438 16
1716649963936 0.976 17
1716649963987 0.9759036144578314 18
1716649964038 0.9760956175298805 19
1716649964086 0.9798387096774194 20
1716649964136 0.935361216730038 21
1716649964187 0.9959349593495935 22
1716649964238 0.9839357429718876 23
1716649964288 0.9800796812749004 24
1716649964338 0.9801587301587301 25
1716649964389 0.9802371541501976 26
1716649964440 0.9801587301587301 27
1716649964491 0.9920318725099602 28
1716649964543 0.9840637450199203 29
1716649964594 0.9836734693877551 30
1716649964644 0.9647058823529412 31
1716649964695 0.9840637450199203 32
1716649964745 0.984 33
1716649964797 0.9880478087649402 34
1716649964848 0.9840637450199203 35
1716649964899 0.991869918699187 36
1716649964949 0.988 37
1716649964999 0.9880478087649402 38
1716649965049 0.9880952380952381 39
1716649965099 0.9919678714859438 40
1716649965149 0.9800796812749004 41
1716649965200 0.9841897233201581 42
1716649965251 0.996 43
1716649965302 0.996 44
1716649965354 1.0 45
1716649965407 0.984 46
1716649965460 0.9919678714859438 47
1716649965513 0.992 48
1716649965565 0.9919354838709677 49
1716649965619 1.0 50
1716649965670 0.98 51
1716649965723 0.9880952380952381 52
1716649965774 0.988 53
1716649965826 0.983739837398374 54
1716649965879 0.9880478087649402 55
1716649965929 0.9959677419354839 56
1716649965981 0.9841897233201581 57
1716649966033 0.9959839357429718 58
1716649966084 0.988 59
1716649966132 0.9959839357429718 60
1716649966183 0.992 61
1716649966233 0.9919678714859438 62
1716649966277 0.9879518072289156 63
1716649966327 0.9800796812749004 64
1716649966377 1.0 65
1716649966427 0.9880478087649402 66
1716649966479 0.9959514170040485 67
1716649966529 0.996 68
1716649966580 1.0 69
1716649966630 0.9919354838709677 70
1716649966680 0.9920318725099602 71
1716649966732 1.0 72
1716649966783 0.9919354838709677 73
1716649966834 0.992 74
1716649966884 0.9959677419354839 75
1716649966934 0.996 76
1716649966983 0.9959839357429718 77
1716649967033 0.9920318725099602 78
1716649967084 0.9920318725099602 79
1716649967134 1.0 80
1716649967185 0.996 81
1716649967238 0.9959839357429718 82
1716649967288 0.996 83
1716649967339 1.0 84
1716649967389 0.9841897233201581 85
1716649967439 0.9959839357429718 86
1716649967489 0.9919354838709677 87
1716649967539 0.9959349593495935 88
1716649967590 0.976 89
1716649967639 1.0 90
1716649967690 0.996 91
1716649967739 1.0 92
1716649967788 0.991869918699187 93
1716649967839 0.9959839357429718 94
1716649967889 0.9880952380952381 95
1716649967940 1.0 96
1716649967990 0.9959514170040485 97
1716649968041 0.9959839357429718 98
1716649968090 1.0 99
1716649968140 0.9801587301587301 100
