1716647824658 0.2557005114280261 1
1716647824705 0.11837007764440316 2
1716647824752 0.14808187289879873 3
1716647824799 0.14738011102263743 4
1716647824845 0.10948657430708408 5
1716647824895 0.10100653395056725 6
1716647824941 0.06020751960862141 7
1716647824985 0.1194757279008627 8
1716647825032 0.07074542658833358 9
1716647825077 0.12279675571391216 10
1716647825125 0.07833404495165898 11
1716647825175 0.058284807878618054 12
1716647825221 0.12520498811052397 13
1716647825267 0.0761298921962197 14
1716647825316 0.056514461166583575 15
1716647825362 0.05713817824681218 16
1716647825409 0.06334401480853558 17
1716647825457 0.04576161167082878 18
1716647825505 0.02292457423531092 19
1716647825551 0.18081778078339994 20
