1716647824659 0.9170854271356784 1
1716647824706 0.9623115577889447 2
1716647824753 0.9472361809045227 3
1716647824799 0.9547738693467337 4
1716647824846 0.9597989949748744 5
1716647824896 0.964824120603015 6
1716647824941 0.9849246231155779 7
1716647824986 0.9673366834170855 8
1716647825033 0.9798994974874372 9
1716647825078 0.964824120603015 10
1716647825126 0.9723618090452262 11
1716647825176 0.9824120603015075 12
1716647825222 0.9547738693467337 13
1716647825268 0.9773869346733668 14
1716647825316 0.9773869346733668 15
1716647825362 0.9849246231155779 16
1716647825410 0.9798994974874372 17
1716647825457 0.9798994974874372 18
1716647825506 0.992462311557789 19
1716647825552 0.9396984924623115 20
