1716650114305 0.8768844221105527 1
1716650114357 0.9447236180904522 2
1716650114409 0.9547738693467337 3
1716650114459 0.9522613065326633 4
1716650114510 0.9773869346733668 5
1716650114563 0.9748743718592965 6
1716650114614 0.957286432160804 7
1716650114664 0.9748743718592965 8
1716650114715 0.9824120603015075 9
1716650114767 0.9798994974874372 10
1716650114818 0.9723618090452262 11
1716650114866 0.9673366834170855 12
1716650114917 0.9798994974874372 13
1716650114968 0.9748743718592965 14
1716650115017 0.9773869346733668 15
1716650115069 0.9949748743718593 16
1716650115120 0.9773869346733668 17
1716650115176 0.9899497487437185 18
1716650115227 0.9673366834170855 19
1716650115279 0.9723618090452262 20
1716650115330 0.9899497487437185 21
1716650115381 0.9874371859296482 22
1716650115432 0.9824120603015075 23
1716650115483 0.9949748743718593 24
1716650115534 0.9949748743718593 25
1716650115585 0.9874371859296482 26
1716650115636 0.9798994974874372 27
1716650115686 0.9748743718592965 28
1716650115738 0.9824120603015075 29
1716650115789 0.9849246231155779 30
1716650115839 0.9849246231155779 31
1716650115892 0.9824120603015075 32
1716650115942 0.9874371859296482 33
1716650115994 0.9874371859296482 34
1716650116044 0.992462311557789 35
1716650116095 0.9824120603015075 36
1716650116148 0.9949748743718593 37
1716650116199 0.9899497487437185 38
1716650116250 0.9849246231155779 39
1716650116301 0.9949748743718593 40
1716650116352 0.9849246231155779 41
1716650116404 0.9798994974874372 42
1716650116456 0.992462311557789 43
1716650116506 0.9748743718592965 44
1716650116557 0.9773869346733668 45
1716650116608 0.9849246231155779 46
1716650116659 0.9974874371859297 47
1716650116710 0.9949748743718593 48
1716650116761 0.9949748743718593 49
1716650116812 0.9849246231155779 50
1716650116862 0.9899497487437185 51
1716650116909 0.992462311557789 52
1716650116960 0.992462311557789 53
1716650117010 0.9974874371859297 54
1716650117062 0.9974874371859297 55
1716650117113 0.9874371859296482 56
1716650117164 0.9899497487437185 57
1716650117217 0.9849246231155779 58
1716650117266 0.992462311557789 59
1716650117317 0.9849246231155779 60
1716650117363 0.9623115577889447 61
1716650117413 0.9874371859296482 62
1716650117464 0.9824120603015075 63
1716650117516 0.9849246231155779 64
1716650117567 0.992462311557789 65
1716650117617 1.0 66
1716650117667 0.9949748743718593 67
1716650117717 0.9899497487437185 68
1716650117768 0.9899497487437185 69
1716650117818 0.992462311557789 70
1716650117869 0.992462311557789 71
1716650117919 1.0 72
1716650117969 0.9949748743718593 73
1716650118020 0.9824120603015075 74
1716650118070 0.9899497487437185 75
1716650118121 0.9949748743718593 76
1716650118171 0.9949748743718593 77
1716650118222 0.9899497487437185 78
1716650118273 0.9874371859296482 79
1716650118324 0.9874371859296482 80
1716650118375 0.9798994974874372 81
1716650118425 0.9773869346733668 82
1716650118474 0.9949748743718593 83
1716650118525 0.9949748743718593 84
1716650118576 1.0 85
1716650118627 0.9798994974874372 86
1716650118678 0.9874371859296482 87
1716650118729 0.9949748743718593 88
1716650118779 0.9974874371859297 89
1716650118830 0.9974874371859297 90
1716650118881 0.9824120603015075 91
1716650118930 0.992462311557789 92
1716650118981 0.9974874371859297 93
1716650119030 0.992462311557789 94
1716650119082 0.9974874371859297 95
1716650119133 0.9974874371859297 96
1716650119184 0.9899497487437185 97
1716650119239 0.9899497487437185 98
1716650119291 0.9974874371859297 99
1716650119342 0.9974874371859297 100
