1716650114306 0.9098360655737705 1
1716650114358 0.952191235059761 2
1716650114410 0.963855421686747 3
1716650114460 0.9563492063492064 4
1716650114511 0.9838709677419355 5
1716650114563 0.9723320158102767 6
1716650114614 0.964 7
1716650114665 0.9760956175298805 8
1716650114715 0.9879032258064516 9
1716650114768 0.9839357429718876 10
1716650114818 0.968503937007874 11
1716650114867 0.9682539682539683 12
1716650114918 0.9762845849802372 13
1716650114969 0.9760956175298805 14
1716650115018 0.98 15
1716650115070 0.9920318725099602 16
1716650115120 0.9838709677419355 17
1716650115177 0.9841897233201581 18
1716650115228 0.9796747967479674 19
1716650115280 0.9722222222222222 20
1716650115331 0.9880478087649402 21
1716650115382 0.988 22
1716650115432 0.984 23
1716650115484 0.9920318725099602 24
1716650115535 0.9920318725099602 25
1716650115586 0.988 26
1716650115636 0.9839357429718876 27
1716650115687 0.9799196787148594 28
1716650115738 0.991869918699187 29
1716650115790 0.9879518072289156 30
1716650115840 0.9802371541501976 31
1716650115892 0.984 32
1716650115943 0.9919354838709677 33
1716650115995 0.988 34
1716650116045 0.992 35
1716650116096 0.9801587301587301 36
1716650116148 0.9959839357429718 37
1716650116200 0.9880478087649402 38
1716650116251 0.9879518072289156 39
1716650116302 0.9959839357429718 40
1716650116353 0.9879518072289156 41
1716650116405 0.9800796812749004 42
1716650116456 0.9959677419354839 43
1716650116507 0.9649805447470817 44
1716650116558 0.9838709677419355 45
1716650116608 0.9802371541501976 46
1716650116660 1.0 47
1716650116711 0.9959839357429718 48
1716650116762 0.9959839357429718 49
1716650116813 0.9840637450199203 50
1716650116863 0.9919678714859438 51
1716650116910 0.9959677419354839 52
1716650116960 0.992 53
1716650117011 0.996 54
1716650117063 1.0 55
1716650117113 0.988 56
1716650117165 0.9959514170040485 57
1716650117217 0.9879518072289156 58
1716650117267 0.992 59
1716650117318 0.9764705882352941 60
1716650117363 0.9875 61
1716650117413 0.988 62
1716650117465 0.984 63
1716650117516 0.9879518072289156 64
1716650117567 0.992 65
1716650117618 1.0 66
1716650117668 0.9959839357429718 67
1716650117718 0.9880478087649402 68
1716650117769 0.9919678714859438 69
1716650117819 0.9959677419354839 70
1716650117869 0.992 71
1716650117919 1.0 72
1716650117970 0.9959839357429718 73
1716650118021 0.991869918699187 74
1716650118071 0.9959514170040485 75
1716650118122 0.9959839357429718 76
1716650118171 0.9959839357429718 77
1716650118222 0.9880478087649402 78
1716650118273 0.9959349593495935 79
1716650118324 0.988 80
1716650118375 0.9800796812749004 81
1716650118426 0.9878048780487805 82
1716650118475 0.9959839357429718 83
1716650118526 0.9959839357429718 84
1716650118577 1.0 85
1716650118628 0.9839357429718876 86
1716650118678 0.9919354838709677 87
1716650118729 0.9959839357429718 88
1716650118779 1.0 89
1716650118831 0.996 90
1716650118881 0.9879032258064516 91
1716650118931 0.992 92
1716650118982 0.996 93
1716650119031 0.9959677419354839 94
1716650119083 1.0 95
1716650119133 0.996 96
1716650119185 0.9919678714859438 97
1716650119239 0.9880478087649402 98
1716650119292 1.0 99
1716650119343 1.0 100
