1716650114307 0.891566265060241 1
1716650114358 0.9598393574297188 2
1716650114411 0.963855421686747 3
1716650114460 0.9678714859437751 4
1716650114512 0.9799196787148594 5
1716650114564 0.9879518072289156 6
1716650114615 0.9678714859437751 7
1716650114665 0.9839357429718876 8
1716650114716 0.9839357429718876 9
1716650114768 0.9839357429718876 10
1716650114819 0.9879518072289156 11
1716650114868 0.9799196787148594 12
1716650114918 0.9919678714859438 13
1716650114969 0.9839357429718876 14
1716650115019 0.9839357429718876 15
1716650115071 1.0 16
1716650115121 0.9799196787148594 17
1716650115177 1.0 18
1716650115229 0.9678714859437751 19
1716650115281 0.9839357429718876 20
1716650115332 0.9959839357429718 21
1716650115382 0.9919678714859438 22
1716650115433 0.9879518072289156 23
1716650115485 1.0 24
1716650115535 1.0 25
1716650115586 0.9919678714859438 26
1716650115637 0.9839357429718876 27
1716650115688 0.9799196787148594 28
1716650115739 0.9799196787148594 29
1716650115791 0.9879518072289156 30
1716650115841 0.9959839357429718 31
1716650115893 0.9879518072289156 32
1716650115943 0.9879518072289156 33
1716650115995 0.9919678714859438 34
1716650116046 0.9959839357429718 35
1716650116097 0.9919678714859438 36
1716650116149 0.9959839357429718 37
1716650116200 0.9959839357429718 38
1716650116252 0.9879518072289156 39
1716650116303 0.9959839357429718 40
1716650116354 0.9879518072289156 41
1716650116406 0.9879518072289156 42
1716650116457 0.9919678714859438 43
1716650116508 0.9959839357429718 44
1716650116559 0.9799196787148594 45
1716650116609 0.9959839357429718 46
1716650116661 0.9959839357429718 47
1716650116712 0.9959839357429718 48
1716650116762 0.9959839357429718 49
1716650116813 0.9919678714859438 50
1716650116864 0.9919678714859438 51
1716650116910 0.9919678714859438 52
1716650116961 0.9959839357429718 53
1716650117012 1.0 54
1716650117063 0.9959839357429718 55
1716650117114 0.9919678714859438 56
1716650117166 0.9879518072289156 57
1716650117218 0.9879518072289156 58
1716650117268 0.9959839357429718 59
1716650117319 1.0 60
1716650117364 0.9518072289156626 61
1716650117414 0.9919678714859438 62
1716650117466 0.9879518072289156 63
1716650117517 0.9879518072289156 64
1716650117568 0.9959839357429718 65
1716650117618 1.0 66
1716650117668 0.9959839357429718 67
1716650117718 0.9959839357429718 68
1716650117769 0.9919678714859438 69
1716650117820 0.9919678714859438 70
1716650117870 0.9959839357429718 71
1716650117920 1.0 72
1716650117971 0.9959839357429718 73
1716650118021 0.9799196787148594 74
1716650118071 0.9879518072289156 75
1716650118122 0.9959839357429718 76
1716650118172 0.9959839357429718 77
1716650118223 0.9959839357429718 78
1716650118274 0.9839357429718876 79
1716650118325 0.9919678714859438 80
1716650118376 0.9879518072289156 81
1716650118426 0.9759036144578314 82
1716650118475 0.9959839357429718 83
1716650118526 0.9959839357429718 84
1716650118578 1.0 85
1716650118628 0.9839357429718876 86
1716650118679 0.9879518072289156 87
1716650118730 0.9959839357429718 88
1716650118780 0.9959839357429718 89
1716650118831 1.0 90
1716650118882 0.9839357429718876 91
1716650118931 0.9959839357429718 92
1716650118983 1.0 93
1716650119031 0.9919678714859438 94
1716650119083 0.9959839357429718 95
1716650119134 1.0 96
1716650119186 0.9919678714859438 97
1716650119240 0.9959839357429718 98
1716650119292 0.9959839357429718 99
1716650119343 0.9959839357429718 100
