1716649902459 0.8995983935742972 1
1716649902513 0.9437751004016064 2
1716649902565 0.963855421686747 3
1716649902617 0.9799196787148594 4
1716649902668 0.9598393574297188 5
1716649902719 0.9839357429718876 6
1716649902769 0.9919678714859438 7
1716649902820 0.9598393574297188 8
1716649902870 0.9799196787148594 9
1716649902920 0.9919678714859438 10
1716649902971 0.9598393574297188 11
1716649903021 0.9879518072289156 12
1716649903072 0.9558232931726908 13
1716649903122 0.9598393574297188 14
1716649903174 0.9799196787148594 15
1716649903224 0.9879518072289156 16
1716649903276 0.9799196787148594 17
1716649903326 0.9959839357429718 18
1716649903377 0.9799196787148594 19
1716649903428 0.9799196787148594 20
1716649903479 0.9678714859437751 21
1716649903529 0.9839357429718876 22
1716649903581 0.9959839357429718 23
1716649903631 1.0 24
1716649903682 0.9919678714859438 25
1716649903733 0.9959839357429718 26
1716649903784 0.9959839357429718 27
1716649903834 0.9759036144578314 28
1716649903884 0.9959839357429718 29
1716649903935 0.9879518072289156 30
1716649903985 0.9879518072289156 31
1716649904035 0.9919678714859438 32
1716649904087 1.0 33
1716649904138 1.0 34
1716649904189 0.9879518072289156 35
1716649904240 0.9959839357429718 36
1716649904291 0.9759036144578314 37
1716649904342 0.9598393574297188 38
1716649904393 0.9959839357429718 39
1716649904443 1.0 40
1716649904495 0.9959839357429718 41
1716649904545 1.0 42
1716649904596 1.0 43
1716649904646 0.9879518072289156 44
1716649904697 0.9919678714859438 45
1716649904747 0.9919678714859438 46
1716649904797 0.9959839357429718 47
1716649904847 0.9879518072289156 48
1716649904897 0.9799196787148594 49
1716649904948 0.9879518072289156 50
1716649904998 0.9919678714859438 51
1716649905049 0.9959839357429718 52
1716649905099 1.0 53
1716649905150 0.9718875502008032 54
1716649905201 1.0 55
1716649905253 1.0 56
1716649905304 0.9959839357429718 57
1716649905355 0.9879518072289156 58
1716649905407 0.9959839357429718 59
1716649905457 0.9919678714859438 60
1716649905509 1.0 61
1716649905560 0.9959839357429718 62
1716649905610 0.9718875502008032 63
1716649905660 0.9919678714859438 64
1716649905711 0.9959839357429718 65
1716649905761 1.0 66
1716649905813 1.0 67
1716649905863 0.9839357429718876 68
1716649905915 0.9879518072289156 69
1716649905966 1.0 70
1716649906018 1.0 71
1716649906068 1.0 72
1716649906117 0.9919678714859438 73
1716649906167 1.0 74
1716649906219 0.9718875502008032 75
1716649906269 1.0 76
1716649906321 1.0 77
1716649906371 0.9919678714859438 78
1716649906422 0.9959839357429718 79
1716649906475 1.0 80
1716649906526 0.9959839357429718 81
1716649906577 0.9959839357429718 82
1716649906628 0.9959839357429718 83
1716649906679 1.0 84
1716649906730 1.0 85
1716649906781 0.9959839357429718 86
1716649906832 1.0 87
1716649906883 0.9919678714859438 88
1716649906934 0.9879518072289156 89
1716649906985 0.9959839357429718 90
1716649907036 0.9959839357429718 91
1716649907087 0.9919678714859438 92
1716649907137 0.9879518072289156 93
1716649907188 0.9759036144578314 94
1716649907238 1.0 95
1716649907288 1.0 96
1716649907340 1.0 97
1716649907392 1.0 98
1716649907442 0.9879518072289156 99
1716649907493 0.9959839357429718 100
