1716649902457 0.8944723618090452 1
1716649902511 0.9296482412060302 2
1716649902563 0.9371859296482412 3
1716649902616 0.964824120603015 4
1716649902667 0.964824120603015 5
1716649902718 0.9798994974874372 6
1716649902768 0.9824120603015075 7
1716649902819 0.9597989949748744 8
1716649902869 0.9698492462311558 9
1716649902919 0.9824120603015075 10
1716649902969 0.949748743718593 11
1716649903020 0.9824120603015075 12
1716649903071 0.9522613065326633 13
1716649903121 0.9296482412060302 14
1716649903172 0.964824120603015 15
1716649903223 0.9824120603015075 16
1716649903274 0.9773869346733668 17
1716649903325 0.9899497487437185 18
1716649903376 0.9698492462311558 19
1716649903426 0.9798994974874372 20
1716649903478 0.9597989949748744 21
1716649903528 0.9798994974874372 22
1716649903580 0.9874371859296482 23
1716649903630 0.9949748743718593 24
1716649903680 0.9874371859296482 25
1716649903732 0.992462311557789 26
1716649903783 0.9949748743718593 27
1716649903833 0.9673366834170855 28
1716649903883 0.9899497487437185 29
1716649903934 0.9773869346733668 30
1716649903984 0.9849246231155779 31
1716649904034 0.9824120603015075 32
1716649904086 0.992462311557789 33
1716649904137 0.9974874371859297 34
1716649904188 0.9874371859296482 35
1716649904239 0.9899497487437185 36
1716649904290 0.9773869346733668 37
1716649904341 0.9673366834170855 38
1716649904392 0.9824120603015075 39
1716649904442 0.992462311557789 40
1716649904493 0.992462311557789 41
1716649904544 0.9949748743718593 42
1716649904595 0.9949748743718593 43
1716649904645 0.9874371859296482 44
1716649904695 0.9824120603015075 45
1716649904746 0.9899497487437185 46
1716649904796 0.992462311557789 47
1716649904846 0.957286432160804 48
1716649904896 0.9798994974874372 49
1716649904946 0.9874371859296482 50
1716649904997 0.9899497487437185 51
1716649905047 0.992462311557789 52
1716649905097 0.9974874371859297 53
1716649905149 0.9698492462311558 54
1716649905200 0.992462311557789 55
1716649905252 0.9974874371859297 56
1716649905302 0.992462311557789 57
1716649905354 0.9899497487437185 58
1716649905406 0.992462311557789 59
1716649905456 0.9874371859296482 60
1716649905507 0.992462311557789 61
1716649905558 0.9874371859296482 62
1716649905609 0.9748743718592965 63
1716649905659 0.9899497487437185 64
1716649905709 0.9874371859296482 65
1716649905760 0.9949748743718593 66
1716649905811 0.9974874371859297 67
1716649905862 0.9874371859296482 68
1716649905914 0.9874371859296482 69
1716649905964 0.9974874371859297 70
1716649906017 0.9974874371859297 71
1716649906067 0.9974874371859297 72
1716649906116 0.9949748743718593 73
1716649906166 0.9949748743718593 74
1716649906218 0.9773869346733668 75
1716649906268 0.992462311557789 76
1716649906319 1.0 77
1716649906370 0.992462311557789 78
1716649906421 0.9974874371859297 79
1716649906474 0.9949748743718593 80
1716649906525 0.9974874371859297 81
1716649906576 0.992462311557789 82
1716649906627 0.9974874371859297 83
1716649906678 0.9974874371859297 84
1716649906729 1.0 85
1716649906780 0.9974874371859297 86
1716649906831 0.9974874371859297 87
1716649906882 0.992462311557789 88
1716649906933 0.9849246231155779 89
1716649906983 0.9974874371859297 90
1716649907035 0.992462311557789 91
1716649907086 0.9849246231155779 92
1716649907136 0.9849246231155779 93
1716649907187 0.9748743718592965 94
1716649907237 0.9974874371859297 95
1716649907287 1.0 96
1716649907339 1.0 97
1716649907390 1.0 98
1716649907441 0.9899497487437185 99
1716649907492 0.9949748743718593 100
