1716649902458 0.9294605809128631 1
1716649902512 0.9437751004016064 2
1716649902564 0.9375 3
1716649902616 0.9644268774703557 4
1716649902667 0.9835390946502057 5
1716649902718 0.9839357429718876 6
1716649902769 0.9801587301587301 7
1716649902819 0.9755102040816327 8
1716649902870 0.9721115537848606 9
1716649902919 0.9801587301587301 10
1716649902970 0.9598393574297188 11
1716649903020 0.984 12
1716649903072 0.967479674796748 13
1716649903122 0.9299610894941635 14
1716649903173 0.9644268774703557 15
1716649903224 0.984 16
1716649903275 0.9838709677419355 17
1716649903326 0.9880478087649402 18
1716649903376 0.9721115537848606 19
1716649903427 0.9878542510121457 20
1716649903479 0.9678714859437751 21
1716649903529 0.9839357429718876 22
1716649903580 0.9841269841269841 23
1716649903631 0.9920318725099602 24
1716649903681 0.988 25
1716649903732 0.992 26
1716649903783 0.9959839357429718 27
1716649903834 0.972 28
1716649903884 0.9880478087649402 29
1716649903934 0.9761904761904762 30
1716649903984 0.9879518072289156 31
1716649904035 0.9801587301587301 32
1716649904086 0.9880952380952381 33
1716649904138 0.996 34
1716649904189 0.9919354838709677 35
1716649904240 0.9880478087649402 36
1716649904291 0.9878048780487805 37
1716649904342 0.987603305785124 38
1716649904393 0.9763779527559056 39
1716649904443 0.9880952380952381 40
1716649904494 0.992 41
1716649904545 0.9920318725099602 42
1716649904595 0.9920318725099602 43
1716649904646 0.9919354838709677 44
1716649904696 0.9801587301587301 45
1716649904746 0.9919678714859438 46
1716649904797 0.992 47
1716649904847 0.9461538461538461 48
1716649904897 0.9878542510121457 49
1716649904947 0.9919354838709677 50
1716649904997 0.9919678714859438 51
1716649905048 0.992 52
1716649905098 0.996 53
1716649905150 0.979757085020243 54
1716649905200 0.9880952380952381 55
1716649905253 0.996 56
1716649905303 0.992 57
1716649905354 0.9959514170040485 58
1716649905406 0.992 59
1716649905457 0.988 60
1716649905508 0.9880952380952381 61
1716649905559 0.9841269841269841 62
1716649905610 0.9877551020408163 63
1716649905660 0.9919678714859438 64
1716649905710 0.9841269841269841 65
1716649905761 0.9920318725099602 66
1716649905812 0.996 67
1716649905862 0.9959349593495935 68
1716649905914 0.9919354838709677 69
1716649905965 0.996 70
1716649906017 0.996 71
1716649906067 0.996 72
1716649906116 1.0 73
1716649906167 0.9920318725099602 74
1716649906218 0.9918032786885246 75
1716649906269 0.9880952380952381 76
1716649906320 1.0 77
1716649906371 0.9959677419354839 78
1716649906422 1.0 79
1716649906474 0.9920318725099602 80
1716649906526 1.0 81
1716649906577 0.992 82
1716649906627 1.0 83
1716649906679 0.996 84
1716649906729 1.0 85
1716649906780 1.0 86
1716649906832 0.996 87
1716649906882 0.9959677419354839 88
1716649906933 0.9879518072289156 89
1716649906984 1.0 90
1716649907035 0.992 91
1716649907086 0.9840637450199203 92
1716649907137 0.9879518072289156 93
1716649907188 0.9838056680161943 94
1716649907238 0.996 95
1716649907288 1.0 96
1716649907340 1.0 97
1716649907391 1.0 98
1716649907442 0.9959514170040485 99
1716649907493 0.9959839357429718 100
