1716649902456 0.30115725100040436 1
1716649902510 0.18763743627529877 2
1716649902562 0.19938896739712128 3
1716649902615 0.1370813180334293 4
1716649902666 0.12412652401969983 5
1716649902717 0.055329690185876995 6
1716649902767 0.05959247353558357 7
1716649902818 0.14678258276902711 8
1716649902868 0.1042999463299146 9
1716649902918 0.047573172057477325 10
1716649902968 0.13621259326688373 11
1716649903019 0.04989667759778408 12
1716649903070 0.1528725612622041 13
1716649903120 0.16435143609459585 14
1716649903171 0.08976442710711406 15
1716649903222 0.047936371670892604 16
1716649903273 0.09655134841943017 17
1716649903324 0.039348831615195826 18
1716649903375 0.1011006013275339 19
1716649903425 0.07940319370335111 20
1716649903477 0.10596513346983837 21
1716649903527 0.07983168930961536 22
1716649903579 0.05712226294697477 23
1716649903629 0.03159538935869932 24
1716649903680 0.04552369885361539 25
1716649903731 0.023542585137944955 26
1716649903782 0.02478831085877923 27
1716649903832 0.11696003526091002 28
1716649903882 0.03474893517648944 29
1716649903933 0.04867718415334821 30
1716649903983 0.04831239371560514 31
1716649904033 0.042844527741321005 32
1716649904085 0.029273514510490574 33
1716649904136 0.010394645371259404 34
1716649904187 0.030500077991746366 35
1716649904238 0.024276011121960785 36
1716649904289 0.07312669277262802 37
1716649904340 0.086430811144125 38
1716649904391 0.04321955602902632 39
1716649904441 0.024188208143011883 40
1716649904492 0.024476517708255693 41
1716649904543 0.019791073962831154 42
1716649904594 0.011136962056088332 43
1716649904644 0.03324427182535426 44
1716649904695 0.05647785361641301 45
1716649904745 0.017565414094581053 46
1716649904795 0.019464706312506817 47
1716649904845 0.12869177796304798 48
1716649904895 0.04836808700257769 49
1716649904946 0.035679253445078545 50
1716649904996 0.04205423711727445 51
1716649905046 0.022755200473161843 52
1716649905096 0.014547075503147565 53
1716649905148 0.09125601408931498 54
1716649905199 0.017267898701202985 55
1716649905251 0.007399284249493996 56
1716649905301 0.024923758106664397 57
1716649905353 0.02992289722449361 58
1716649905405 0.033270534477196634 59
1716649905455 0.035825699263323955 60
1716649905506 0.03311387526516158 61
1716649905558 0.04745048976754053 62
1716649905608 0.07054289998128437 63
1716649905658 0.03357507900979657 64
1716649905709 0.030526254290285017 65
1716649905759 0.03014745987736835 66
1716649905810 0.024788077392328817 67
1716649905861 0.029443144341572546 68
1716649905913 0.03997113228811381 69
1716649905963 0.009051509537340071 70
1716649906016 0.01390258814745511 71
1716649906066 0.008251607749396218 72
1716649906115 0.008323175926656963 73
1716649906165 0.01984483293759135 74
1716649906217 0.10684017077661477 75
1716649906267 0.018698268444635548 76
1716649906319 0.008164840038471784 77
1716649906369 0.016562619703248717 78
1716649906420 0.010637944685116123 79
1716649906473 0.018883373194302503 80
1716649906524 0.00912490061735018 81
1716649906575 0.01908114642943614 82
1716649906626 0.008066371920554398 83
1716649906677 0.004245915600152399 84
1716649906728 0.004438988660695031 85
1716649906779 0.005828936599965136 86
1716649906830 0.031583312627984785 87
1716649906881 0.014830002731357057 88
1716649906932 0.049443901946338326 89
1716649906983 0.017405907166763566 90
1716649907034 0.019919190846849233 91
1716649907085 0.09445402995110132 92
1716649907135 0.033917868948684864 93
1716649907186 0.06937302376788396 94
1716649907236 0.013678740181673605 95
1716649907286 0.005328065509764621 96
1716649907338 0.004044663658043226 97
1716649907389 0.003320517036347435 98
1716649907440 0.025138737331592262 99
1716649907491 0.015081238449336244 100
