1716647643085 0.8919597989949749 1
1716647643138 0.964824120603015 2
1716647643186 0.9346733668341709 3
1716647643247 0.9472361809045227 4
1716647643295 0.9472361809045227 5
1716647643341 0.9623115577889447 6
1716647643387 0.9547738693467337 7
1716647643433 0.9698492462311558 8
1716647643480 0.9723618090452262 9
1716647643526 0.9673366834170855 10
1716647643572 0.9623115577889447 11
1716647643631 0.9597989949748744 12
1716647643678 0.9849246231155779 13
1716647643726 0.9748743718592965 14
1716647643775 0.9798994974874372 15
1716647643820 0.9698492462311558 16
1716647643869 0.9798994974874372 17
1716647643914 0.9798994974874372 18
1716647643963 0.9824120603015075 19
1716647644011 0.9824120603015075 20
