1716647643084 0.29817351641563267 1
1716647643137 0.1173150035051199 2
1716647643185 0.1647436128785977 3
1716647643246 0.13070395015753233 4
1716647643294 0.13439812038380367 5
1716647643341 0.09835596898427376 6
1716647643387 0.12707003836448377 7
1716647643432 0.07628476834641053 8
1716647643479 0.08476364755859742 9
1716647643525 0.07980999980981533 10
1716647643571 0.08248030064770809 11
1716647643630 0.11412747949361801 12
1716647643677 0.05604638890005075 13
1716647643725 0.07092047711977592 14
1716647643774 0.055889187273211204 15
1716647643819 0.07584158499510242 16
1716647643868 0.0912708084887037 17
1716647643913 0.05815471447287844 18
1716647643962 0.05468038784769865 19
1716647644010 0.042839031702337355 20
