1716650114304 0.33655377420095295 1
1716650114356 0.14341877286250776 2
1716650114408 0.10846345284237312 3
1716650114458 0.130038166561952 4
1716650114510 0.0783425118201054 5
1716650114562 0.07705547997298148 6
1716650114613 0.09773277820876011 7
1716650114663 0.08732407375310476 8
1716650114714 0.055808947779811345 9
1716650114766 0.06038100322565207 10
1716650114817 0.0893778119666072 11
1716650114865 0.07205057151329058 12
1716650114916 0.06660549306812194 13
1716650114967 0.06933207308443692 14
1716650115016 0.07651860968997845 15
1716650115068 0.040330131753132895 16
1716650115119 0.05801602707316096 17
1716650115175 0.03126169345341623 18
1716650115227 0.13850920792454138 19
1716650115279 0.09280552643422897 20
1716650115330 0.04488540075432796 21
1716650115380 0.05264896849313608 22
1716650115431 0.03740579380582158 23
1716650115482 0.020693917472202044 24
1716650115533 0.017596736944352206 25
1716650115584 0.0423915797772889 26
1716650115635 0.0345959197371625 27
1716650115686 0.07130672402966481 28
1716650115737 0.06870395518266238 29
1716650115788 0.0425656558945775 30
1716650115839 0.05527267735809661 31
1716650115891 0.06067823335671654 32
1716650115941 0.03099245599542673 33
1716650115993 0.04399618964928847 34
1716650116044 0.06672673099316083 35
1716650116095 0.049430965087734736 36
1716650116147 0.013513072644575285 37
1716650116198 0.026060136169410095 38
1716650116250 0.04020593704906507 39
1716650116300 0.031154097792191002 40
1716650116352 0.05382752878806339 41
1716650116404 0.029868638877255414 42
1716650116455 0.03793377332532635 43
1716650116505 0.12374696980875272 44
1716650116556 0.058852088530189715 45
1716650116607 0.036460616088543944 46
1716650116658 0.009809489809693052 47
1716650116710 0.025304196178554915 48
1716650116760 0.02389277710328595 49
1716650116811 0.032423042154942565 50
1716650116862 0.033859045101472966 51
1716650116908 0.04248242517216848 52
1716650116959 0.0331799542853752 53
1716650117009 0.011367215515257647 54
1716650117061 0.006821566798652594 55
1716650117112 0.055702496866265744 56
1716650117164 0.0318612448620395 57
1716650117216 0.05181973814391173 58
1716650117266 0.023400243228444688 59
1716650117317 0.06975337125969908 60
1716650117362 0.09032397165607947 61
1716650117412 0.05534800224436017 62
1716650117463 0.04051756557936852 63
1716650117515 0.03134831667949374 64
1716650117566 0.025117662627823077 65
1716650117616 0.008675085094112616 66
1716650117666 0.019764847122132778 67
1716650117716 0.03462541605292175 68
1716650117767 0.02807876782026142 69
1716650117818 0.015687663967792805 70
1716650117868 0.0148281620707936 71
1716650117918 0.007135368319443212 72
1716650117969 0.03211883595213294 73
1716650118019 0.06911862677393052 74
1716650118069 0.02477109724154266 75
1716650118120 0.010800458558011226 76
1716650118170 0.018148814699648377 77
1716650118221 0.020390417355184372 78
1716650118272 0.020599452519001298 79
1716650118323 0.040432897459070846 80
1716650118374 0.06287964779095581 81
1716650118424 0.049258685420052364 82
1716650118473 0.022548492039697103 83
1716650118524 0.01779251951778021 84
1716650118576 0.007103285792534455 85
1716650118626 0.06869892615717478 86
1716650118677 0.03648334503388749 87
1716650118728 0.05424668687807683 88
1716650118778 0.014220583574989667 89
1716650118829 0.009754423840114703 90
1716650118880 0.057467723139919914 91
1716650118929 0.022076415363699198 92
1716650118980 0.0063498101394193675 93
1716650119029 0.03202725377363654 94
1716650119081 0.013191609732949963 95
1716650119132 0.010227042563761083 96
1716650119183 0.02904833268481665 97
1716650119238 0.030248012142972305 98
1716650119290 0.014479400563197067 99
1716650119341 0.013884461869915517 100
