1716648407705 0.907035175879397 1
1716648407752 0.9321608040201005 2
1716648407799 0.9597989949748744 3
1716648407846 0.9698492462311558 4
1716648407893 0.964824120603015 5
1716648407939 0.9748743718592965 6
1716648407984 0.9547738693467337 7
1716648408031 0.964824120603015 8
1716648408078 0.9547738693467337 9
1716648408124 0.9798994974874372 10
1716648408171 0.9698492462311558 11
1716648408220 0.9723618090452262 12
1716648408268 0.9798994974874372 13
1716648408314 0.9798994974874372 14
1716648408361 0.9773869346733668 15
1716648408409 0.9673366834170855 16
1716648408456 0.9748743718592965 17
1716648408505 0.9899497487437185 18
1716648408551 0.9849246231155779 19
1716648408597 0.9798994974874372 20
1716648408645 0.9849246231155779 21
1716648408690 0.9773869346733668 22
1716648408740 0.9874371859296482 23
1716648408787 0.9824120603015075 24
1716648408835 0.9773869346733668 25
1716648408881 0.9748743718592965 26
1716648408929 0.9849246231155779 27
1716648408976 0.9824120603015075 28
1716648409025 0.9899497487437185 29
1716648409074 0.9723618090452262 30
1716648409128 0.9899497487437185 31
1716648409176 0.9824120603015075 32
1716648409226 0.9798994974874372 33
1716648409273 0.9899497487437185 34
1716648409319 0.992462311557789 35
1716648409367 0.992462311557789 36
1716648409416 0.9874371859296482 37
1716648409463 0.992462311557789 38
1716648409509 0.992462311557789 39
1716648409556 0.9849246231155779 40
1716648409603 0.9899497487437185 41
1716648409648 0.9849246231155779 42
1716648409694 0.9949748743718593 43
1716648409744 0.9974874371859297 44
1716648409790 0.992462311557789 45
1716648409838 0.9849246231155779 46
1716648409884 0.9874371859296482 47
1716648409932 0.9849246231155779 48
1716648409978 0.9974874371859297 49
1716648410025 0.9748743718592965 50
1716648410072 0.9824120603015075 51
1716648410119 0.9798994974874372 52
1716648410167 0.992462311557789 53
1716648410215 0.9949748743718593 54
1716648410261 0.992462311557789 55
1716648410308 0.9899497487437185 56
1716648410359 0.9899497487437185 57
1716648410406 0.9874371859296482 58
1716648410453 0.9874371859296482 59
1716648410500 0.9849246231155779 60
1716648410546 0.9849246231155779 61
1716648410593 0.9849246231155779 62
1716648410641 0.9824120603015075 63
1716648410688 0.9899497487437185 64
1716648410737 0.992462311557789 65
1716648410783 0.9949748743718593 66
1716648410831 0.992462311557789 67
1716648410879 0.992462311557789 68
1716648410926 0.9949748743718593 69
1716648410972 0.9874371859296482 70
1716648411020 0.9949748743718593 71
1716648411068 0.992462311557789 72
1716648411114 0.9849246231155779 73
1716648411164 0.9974874371859297 74
1716648411212 0.9949748743718593 75
1716648411261 0.992462311557789 76
1716648411308 0.9874371859296482 77
1716648411355 0.9874371859296482 78
1716648411404 1.0 79
1716648411450 0.992462311557789 80
1716648411512 0.9974874371859297 81
1716648411563 1.0 82
1716648411610 1.0 83
1716648411660 1.0 84
1716648411708 0.9974874371859297 85
1716648411755 0.9974874371859297 86
1716648411805 0.992462311557789 87
1716648411863 0.9949748743718593 88
1716648411912 0.9874371859296482 89
1716648411959 0.9899497487437185 90
1716648412007 0.9949748743718593 91
1716648412054 0.992462311557789 92
1716648412100 0.9974874371859297 93
1716648412148 1.0 94
1716648412196 0.9899497487437185 95
1716648412243 0.9949748743718593 96
1716648412290 0.9899497487437185 97
1716648412337 0.9974874371859297 98
1716648412386 0.992462311557789 99
1716648412434 0.9974874371859297 100
