1716648407704 0.295762945826237 1
1716648407751 0.16886902700823087 2
1716648407798 0.12472262004247078 3
1716648407845 0.1167008035744612 4
1716648407892 0.10628238105430053 5
1716648407938 0.09174181391986516 6
1716648407983 0.14517010361529314 7
1716648408030 0.09048355685976836 8
1716648408077 0.15334889880166605 9
1716648408123 0.0679728491948201 10
1716648408170 0.08355166455014394 11
1716648408219 0.06867321523336264 12
1716648408267 0.05637393243467578 13
1716648408313 0.060255615470501095 14
1716648408360 0.09349902980745985 15
1716648408409 0.10343693024837054 16
1716648408455 0.07654272435376278 17
1716648408504 0.050227335725839324 18
1716648408550 0.058363695055819474 19
1716648408596 0.07262872739766653 20
1716648408644 0.049191992479161575 21
1716648408689 0.06428939627053645 22
1716648408739 0.04068148472847847 23
1716648408786 0.06425002536091667 24
1716648408834 0.05647314124955581 25
1716648408880 0.04856038426693816 26
1716648408928 0.051439049474608436 27
1716648408975 0.06901677090746279 28
1716648409025 0.043312971104079716 29
1716648409073 0.09033213733122326 30
1716648409127 0.03453877310340221 31
1716648409175 0.0715965954765964 32
1716648409225 0.05660308302881626 33
1716648409272 0.02233659868271878 34
1716648409318 0.02196732980127518 35
1716648409366 0.06359721768575792 36
1716648409415 0.038267139524507984 37
1716648409462 0.02635097987233446 38
1716648409508 0.024554964271374047 39
1716648409555 0.046783846588088915 40
1716648409602 0.0604648284542446 41
1716648409647 0.03426439515673197 42
1716648409693 0.015198798975549065 43
1716648409743 0.00959145138040185 44
1716648409789 0.019499893819626708 45
1716648409837 0.02920593558631551 46
1716648409883 0.026926505495794117 47
1716648409931 0.04886429962845376 48
1716648409977 0.013822400190222722 49
1716648410024 0.04694479476445569 50
1716648410071 0.061158927282891594 51
1716648410119 0.054832819025390424 52
1716648410166 0.029657239846598644 53
1716648410214 0.01332067464514134 54
1716648410260 0.023607427406554613 55
1716648410308 0.017616374489779655 56
1716648410358 0.0396536358882888 57
1716648410405 0.030066356474820238 58
1716648410452 0.034670388482761785 59
1716648410499 0.03584582254720422 60
1716648410545 0.04625144115058132 61
1716648410592 0.046396645090471096 62
1716648410640 0.060739635346600644 63
1716648410688 0.03070223412046639 64
1716648410736 0.021634975322880425 65
1716648410782 0.013936768608311048 66
1716648410830 0.02298757226134722 67
1716648410878 0.01925656078562427 68
1716648410925 0.039669813436026186 69
1716648410971 0.03800098868445135 70
1716648411019 0.023968144248311337 71
1716648411067 0.02022500777652917 72
1716648411113 0.03469175964486427 73
1716648411163 0.011170850224936238 74
1716648411211 0.047348916837318726 75
1716648411260 0.028280666751715425 76
1716648411308 0.02402793854707852 77
1716648411354 0.02175131724932446 78
1716648411403 0.005187046870839997 79
1716648411449 0.012605904716810282 80
1716648411511 0.008602967109674444 81
1716648411562 0.003333350186809324 82
1716648411609 0.005024272444783351 83
1716648411659 0.0006548811674852354 84
1716648411707 0.010786308405491022 85
1716648411754 0.005455535133548368 86
1716648411804 0.02076359734369012 87
1716648411862 0.014348016777568353 88
1716648411911 0.039325682867246754 89
1716648411958 0.023635100568823803 90
1716648412006 0.012685107682885315 91
1716648412053 0.02155861704467008 92
1716648412099 0.0062718945421063555 93
1716648412147 0.004304995890169476 94
1716648412195 0.029462956706993282 95
1716648412243 0.039983213267987594 96
1716648412289 0.022233808887764238 97
1716648412337 0.008222871760013871 98
1716648412385 0.026058763359637502 99
1716648412433 0.00789547568330398 100
