1716650371173 0.9330357142857143 1
1716650371224 0.9829787234042553 2
1716650371276 0.9838056680161943 3
1716650371327 0.9799196787148594 4
1716650371378 0.976 5
1716650371429 0.9838056680161943 6
1716650371480 0.9754098360655737 7
1716650371531 0.9879518072289156 8
1716650371582 0.979757085020243 9
1716650371633 0.9799196787148594 10
1716650371685 0.9919354838709677 11
1716650371737 0.996 12
1716650371800 0.9879518072289156 13
1716650371851 0.9879518072289156 14
1716650371901 0.9722222222222222 15
1716650371951 0.983739837398374 16
1716650372003 0.9920318725099602 17
1716650372053 0.988 18
1716650372104 1.0 19
1716650372155 0.9880478087649402 20
1716650372206 0.9880952380952381 21
1716650372257 0.9920318725099602 22
1716650372311 0.9878048780487805 23
1716650372362 0.9959839357429718 24
1716650372413 0.9959514170040485 25
1716650372464 1.0 26
1716650372514 0.996 27
1716650372565 1.0 28
1716650372615 1.0 29
1716650372665 0.992 30
1716650372716 0.9681274900398407 31
1716650372765 0.9959349593495935 32
1716650372815 0.9919028340080972 33
1716650372865 0.9959839357429718 34
1716650372915 0.996 35
1716650372965 0.996 36
1716650373016 0.9959839357429718 37
1716650373066 1.0 38
1716650373115 0.988 39
1716650373166 0.9880478087649402 40
1716650373217 0.9920318725099602 41
1716650373266 0.996 42
1716650373314 0.9959839357429718 43
1716650373364 0.9763779527559056 44
1716650373414 1.0 45
1716650373465 1.0 46
1716650373515 1.0 47
1716650373566 1.0 48
1716650373616 0.9959839357429718 49
1716650373668 0.9879032258064516 50
1716650373719 1.0 51
1716650373771 1.0 52
1716650373821 0.9959839357429718 53
1716650373872 1.0 54
1716650373922 0.96484375 55
1716650373972 0.9959839357429718 56
1716650374022 0.9920318725099602 57
1716650374072 0.9920318725099602 58
1716650374123 0.9840637450199203 59
1716650374173 0.9959677419354839 60
1716650374224 1.0 61
1716650374274 1.0 62
1716650374325 0.9959839357429718 63
1716650374375 0.9959839357429718 64
1716650374426 0.9880952380952381 65
1716650374477 1.0 66
1716650374527 1.0 67
1716650374578 1.0 68
1716650374630 0.992 69
1716650374680 1.0 70
1716650374730 0.996 71
1716650374781 1.0 72
1716650374832 0.996 73
1716650374881 0.9841269841269841 74
1716650374931 1.0 75
1716650374982 1.0 76
1716650375032 0.9841897233201581 77
1716650375083 1.0 78
1716650375133 1.0 79
1716650375184 1.0 80
1716650375235 1.0 81
1716650375286 0.9920318725099602 82
1716650375337 1.0 83
1716650375386 0.996 84
1716650375436 1.0 85
1716650375487 1.0 86
1716650375537 1.0 87
1716650375587 1.0 88
1716650375638 1.0 89
1716650375688 0.9959839357429718 90
1716650375738 1.0 91
1716650375788 0.9880952380952381 92
1716650375839 0.9920318725099602 93
1716650375888 0.988 94
1716650375939 0.996 95
1716650375989 1.0 96
1716650376039 1.0 97
1716650376090 0.996 98
1716650376140 1.0 99
1716650376191 1.0 100
1716650376242 1.0 101
1716650376292 1.0 102
1716650376343 1.0 103
1716650376394 0.992 104
1716650376445 1.0 105
1716650376495 1.0 106
1716650376546 1.0 107
1716650376596 1.0 108
1716650376647 1.0 109
1716650376699 0.996 110
1716650376750 0.996 111
1716650376801 1.0 112
1716650376851 0.9880478087649402 113
1716650376903 0.9919028340080972 114
1716650376954 1.0 115
1716650377004 1.0 116
1716650377055 1.0 117
1716650377105 0.996 118
1716650377156 1.0 119
1716650377206 0.9920318725099602 120
1716650377257 1.0 121
1716650377310 1.0 122
1716650377362 1.0 123
1716650377413 1.0 124
1716650377463 0.996 125
1716650377514 0.9879032258064516 126
1716650377564 1.0 127
1716650377613 1.0 128
1716650377664 0.996 129
1716650377714 1.0 130
1716650377765 0.9959839357429718 131
1716650377817 1.0 132
1716650377867 1.0 133
1716650377918 1.0 134
1716650377968 1.0 135
1716650378018 1.0 136
1716650378069 1.0 137
1716650378119 1.0 138
1716650378169 0.9959514170040485 139
1716650378236 0.996 140
1716650378289 1.0 141
1716650378340 1.0 142
1716650378390 1.0 143
1716650378441 1.0 144
1716650378490 1.0 145
1716650378542 0.992 146
1716650378592 1.0 147
1716650378643 0.9920318725099602 148
1716650378693 1.0 149
1716650378744 1.0 150
1716650378794 1.0 151
1716650378846 1.0 152
1716650378896 1.0 153
1716650378946 1.0 154
1716650378997 1.0 155
1716650379046 1.0 156
1716650379098 1.0 157
1716650379149 1.0 158
1716650379201 1.0 159
1716650379252 1.0 160
1716650379303 1.0 161
1716650379353 1.0 162
1716650379403 1.0 163
1716650379454 0.992 164
1716650379505 0.9879518072289156 165
1716650379555 1.0 166
1716650379607 0.9879518072289156 167
1716650379657 1.0 168
1716650379709 1.0 169
1716650379760 1.0 170
1716650379811 1.0 171
1716650379861 1.0 172
1716650379912 1.0 173
1716650379965 1.0 174
1716650380015 1.0 175
1716650380065 1.0 176
1716650380115 1.0 177
1716650380166 1.0 178
1716650380216 1.0 179
1716650380266 1.0 180
1716650380317 0.9880952380952381 181
1716650380368 1.0 182
1716650380419 0.996 183
1716650380469 1.0 184
1716650380521 1.0 185
1716650380573 1.0 186
1716650380624 1.0 187
1716650380674 1.0 188
1716650380724 1.0 189
1716650380774 1.0 190
1716650380825 1.0 191
1716650380876 1.0 192
1716650380922 1.0 193
1716650380972 0.996 194
1716650381017 1.0 195
1716650381070 1.0 196
1716650381120 0.996 197
1716650381171 1.0 198
1716650381222 0.996 199
1716650381272 1.0 200
1716650381323 1.0 201
1716650381374 1.0 202
1716650381424 1.0 203
1716650381475 1.0 204
1716650381525 1.0 205
1716650381577 1.0 206
1716650381628 1.0 207
1716650381679 1.0 208
1716650381730 1.0 209
1716650381780 0.9920318725099602 210
1716650381831 1.0 211
1716650381880 1.0 212
1716650381931 1.0 213
1716650381981 1.0 214
1716650382032 1.0 215
1716650382082 0.9920318725099602 216
1716650382133 1.0 217
1716650382184 0.9959839357429718 218
1716650382234 0.996 219
1716650382286 0.9919028340080972 220
1716650382337 1.0 221
1716650382388 0.992 222
1716650382438 0.9959677419354839 223
1716650382488 0.9959677419354839 224
1716650382538 1.0 225
1716650382589 0.996 226
1716650382639 1.0 227
1716650382701 1.0 228
1716650382755 0.996 229
1716650382804 1.0 230
1716650382855 0.996 231
1716650382904 0.992 232
1716650382955 0.9920318725099602 233
1716650383005 1.0 234
1716650383056 1.0 235
1716650383106 1.0 236
1716650383156 1.0 237
1716650383208 1.0 238
1716650383259 1.0 239
1716650383309 1.0 240
1716650383360 1.0 241
1716650383411 1.0 242
1716650383461 1.0 243
1716650383511 1.0 244
1716650383562 1.0 245
1716650383612 1.0 246
1716650383662 0.984 247
1716650383712 1.0 248
1716650383764 0.992 249
1716650383815 0.996 250
1716650383865 1.0 251
1716650383916 1.0 252
1716650383967 1.0 253
1716650384018 0.9959839357429718 254
1716650384068 1.0 255
1716650384119 1.0 256
1716650384169 1.0 257
1716650384220 1.0 258
1716650384271 1.0 259
1716650384323 1.0 260
1716650384374 1.0 261
1716650384424 1.0 262
1716650384474 1.0 263
1716650384524 0.996 264
1716650384575 1.0 265
1716650384626 1.0 266
1716650384676 0.9762845849802372 267
1716650384726 1.0 268
1716650384777 0.992 269
1716650384829 1.0 270
1716650384879 1.0 271
1716650384929 0.9959839357429718 272
1716650384979 0.9959839357429718 273
1716650385028 1.0 274
1716650385079 1.0 275
1716650385129 1.0 276
1716650385179 1.0 277
1716650385229 1.0 278
1716650385280 1.0 279
1716650385328 1.0 280
1716650385379 0.996 281
1716650385430 1.0 282
1716650385481 1.0 283
1716650385532 1.0 284
1716650385581 1.0 285
1716650385631 1.0 286
1716650385682 1.0 287
1716650385732 1.0 288
1716650385783 1.0 289
1716650385833 1.0 290
1716650385885 1.0 291
1716650385937 1.0 292
1716650385988 1.0 293
1716650386039 1.0 294
1716650386089 1.0 295
1716650386138 1.0 296
1716650386188 1.0 297
1716650386239 1.0 298
1716650386290 1.0 299
1716650386340 1.0 300
1716650386391 1.0 301
1716650386442 1.0 302
1716650386493 1.0 303
1716650386544 1.0 304
1716650386595 1.0 305
1716650386646 1.0 306
1716650386697 1.0 307
1716650386748 1.0 308
1716650386798 0.996 309
1716650386858 1.0 310
1716650386909 1.0 311
1716650386959 1.0 312
1716650387012 1.0 313
1716650387063 1.0 314
1716650387113 0.9919354838709677 315
1716650387163 1.0 316
1716650387213 0.996 317
1716650387264 1.0 318
1716650387316 0.996 319
1716650387367 1.0 320
1716650387416 1.0 321
1716650387467 1.0 322
1716650387519 1.0 323
1716650387570 1.0 324
1716650387621 1.0 325
1716650387671 1.0 326
1716650387720 1.0 327
1716650387770 1.0 328
1716650387820 1.0 329
1716650387870 1.0 330
1716650387922 1.0 331
1716650387979 1.0 332
1716650388032 1.0 333
1716650388084 1.0 334
1716650388135 0.9725490196078431 335
1716650388185 1.0 336
1716650388236 0.9959677419354839 337
1716650388286 1.0 338
1716650388336 1.0 339
1716650388386 1.0 340
1716650388437 0.9920318725099602 341
1716650388487 1.0 342
1716650388538 1.0 343
1716650388589 1.0 344
1716650388639 1.0 345
1716650388688 1.0 346
1716650388739 1.0 347
1716650388789 1.0 348
1716650388840 1.0 349
1716650388890 1.0 350
1716650388941 1.0 351
1716650388991 1.0 352
1716650389043 1.0 353
1716650389094 1.0 354
1716650389145 1.0 355
1716650389197 1.0 356
1716650389247 1.0 357
1716650389298 1.0 358
1716650389347 1.0 359
1716650389397 1.0 360
1716650389447 1.0 361
1716650389497 1.0 362
1716650389548 1.0 363
1716650389599 1.0 364
1716650389651 1.0 365
1716650389702 1.0 366
1716650389752 1.0 367
1716650389801 1.0 368
1716650389850 1.0 369
1716650389901 1.0 370
1716650389950 1.0 371
1716650390003 1.0 372
1716650390053 1.0 373
1716650390104 1.0 374
1716650390154 1.0 375
1716650390206 1.0 376
1716650390257 1.0 377
1716650390307 1.0 378
1716650390358 1.0 379
1716650390409 1.0 380
1716650390459 1.0 381
1716650390510 1.0 382
1716650390561 1.0 383
1716650390611 1.0 384
1716650390661 1.0 385
1716650390713 1.0 386
1716650390764 0.9800796812749004 387
1716650390815 0.9880952380952381 388
1716650390865 0.996 389
1716650390916 1.0 390
1716650390967 1.0 391
1716650391017 0.996 392
1716650391067 1.0 393
1716650391119 1.0 394
1716650391168 1.0 395
1716650391220 1.0 396
1716650391272 1.0 397
1716650391324 0.9920318725099602 398
1716650391374 1.0 399
1716650391426 1.0 400
1716650391476 0.9959839357429718 401
1716650391526 0.9959839357429718 402
1716650391575 1.0 403
1716650391626 0.996 404
1716650391675 1.0 405
1716650391726 1.0 406
1716650391777 1.0 407
1716650391826 1.0 408
1716650391876 1.0 409
1716650391927 1.0 410
1716650391978 1.0 411
1716650392028 1.0 412
1716650392079 1.0 413
1716650392129 1.0 414
1716650392180 1.0 415
1716650392231 0.9880952380952381 416
1716650392284 1.0 417
1716650392337 1.0 418
1716650392388 1.0 419
1716650392438 1.0 420
1716650392489 0.9919678714859438 421
1716650392539 1.0 422
1716650392590 1.0 423
1716650392641 1.0 424
1716650392691 1.0 425
1716650392755 1.0 426
1716650392806 1.0 427
1716650392857 1.0 428
1716650392906 1.0 429
1716650392956 1.0 430
1716650393006 1.0 431
1716650393056 1.0 432
1716650393107 1.0 433
1716650393157 1.0 434
1716650393206 1.0 435
1716650393258 1.0 436
1716650393309 1.0 437
1716650393360 1.0 438
1716650393410 1.0 439
1716650393461 1.0 440
1716650393512 1.0 441
1716650393562 1.0 442
1716650393614 1.0 443
1716650393664 1.0 444
1716650393714 1.0 445
1716650393767 1.0 446
1716650393819 1.0 447
1716650393869 1.0 448
1716650393920 1.0 449
1716650393970 1.0 450
1716650394020 1.0 451
1716650394072 1.0 452
1716650394123 1.0 453
1716650394173 1.0 454
1716650394223 0.9841897233201581 455
1716650394273 0.996 456
1716650394323 1.0 457
1716650394375 0.992 458
1716650394426 1.0 459
1716650394477 0.9920318725099602 460
1716650394528 1.0 461
1716650394578 1.0 462
1716650394629 1.0 463
1716650394680 1.0 464
1716650394729 1.0 465
1716650394779 1.0 466
1716650394830 1.0 467
1716650394880 0.996 468
1716650394930 1.0 469
1716650394984 0.996 470
1716650395035 0.9959839357429718 471
1716650395085 1.0 472
1716650395137 1.0 473
1716650395188 1.0 474
1716650395238 1.0 475
1716650395288 1.0 476
1716650395338 1.0 477
1716650395388 1.0 478
1716650395439 1.0 479
1716650395490 1.0 480
1716650395541 1.0 481
1716650395591 0.996 482
1716650395643 1.0 483
1716650395694 1.0 484
1716650395745 1.0 485
1716650395795 1.0 486
1716650395845 1.0 487
1716650395895 1.0 488
1716650395944 1.0 489
1716650395996 1.0 490
1716650396047 1.0 491
1716650396097 1.0 492
1716650396148 1.0 493
1716650396199 1.0 494
1716650396249 1.0 495
1716650396299 1.0 496
1716650396350 1.0 497
1716650396400 1.0 498
1716650396450 1.0 499
1716650396500 1.0 500
